20 188 4 5
patients: ID surgeon priority leader_priority duration
0 1 3
1 17 10
2 13 3
3 16 4
4 0 4
5 4 5
6 4 5
7 16 16
8 9 1
9 18 10
10 19 6
11 16 7
12 8 4
13 1 4
14 1 6
15 9 6
16 13 10
17 0 11
18 11 4
19 8 4
20 4 1
21 17 12
22 5 7
23 1 15
24 17 13
25 17 9
26 10 18
27 14 13
28 18 12
29 8 5
30 9 6
31 10 12
32 18 8
33 6 11
34 13 2
35 6 1
36 15 2
37 14 8
38 14 12
39 12 6
40 15 14
41 4 5
42 14 6
43 17 23
44 19 15
45 19 11
46 1 3
47 18 1
48 16 5
49 16 14
50 19 14
51 13 2
52 18 4
53 3 6
54 3 4
55 5 8
56 8 1
57 8 7
58 11 7
59 15 18
60 17 8
61 1 2
62 10 10
63 13 13
64 1 3
65 4 11
66 1 3
67 9 5
68 14 14
69 6 11
70 14 3
71 9 4
72 10 3
73 17 6
74 11 16
75 9 10
76 13 8
77 16 7
78 11 3
79 14 14
80 7 10
81 16 6
82 19 1
83 15 9
84 10 12
85 6 13
86 3 3
87 19 1
88 0 1
89 5 3
90 3 1
91 17 4
92 2 6
93 15 4
94 17 3
95 18 5
96 12 4
97 9 3
98 12 7
99 13 7
100 7 1
101 16 7
102 11 3
103 18 3
104 3 8
105 9 13
106 9 6
107 3 3
108 9 7
109 17 8
110 7 5
111 3 18
112 5 4
113 18 4
114 16 10
115 2 12
116 5 6
117 12 1
118 9 5
119 10 12
120 15 10
121 18 4
122 19 4
123 12 16
124 3 5
125 6 3
126 2 1
127 3 6
128 7 6
129 1 10
130 15 6
131 16 5
132 7 4
133 4 12
134 10 4
135 16 6
136 11 18
137 15 7
138 11 12
139 12 1
140 5 5
141 9 10
142 11 6
143 15 6
144 13 6
145 8 14
146 3 4
147 6 4
148 15 6
149 2 11
150 18 3
151 12 4
152 11 14
153 15 1
154 9 8
155 8 18
156 8 5
157 3 2
158 11 3
159 7 3
160 6 2
161 12 5
162 13 20
163 10 2
164 13 6
165 6 2
166 19 1
167 15 3
168 5 1
169 6 7
170 0 3
171 15 3
172 11 7
173 8 5
174 19 11
175 11 1
176 0 8
177 16 8
178 17 2
179 19 3
180 3 4
181 1 7
182 9 14
183 12 4
184 8 6
185 15 1
186 1 5
187 10 10
ORS: day OR start end
0 0 0 32
0 1 0 32
0 2 0 32
0 3 0 32
1 0 0 32
1 1 0 32
1 2 0 32
1 3 0 32
2 0 0 32
2 1 0 32
2 2 0 32
2 3 0 32
3 0 0 32
3 1 0 32
3 2 0 32
3 3 0 32
4 0 0 32
4 1 0 32
4 2 0 32
4 3 0 32
start times:
0 8 16 24
end times:
8 16 24 32
load:
2.0015625