14 87 2 5
patients: ID surgeon priority leader_priority duration
0 7 5
1 4 6
2 6 4
3 7 5
4 10 11
5 2 14
6 7 16
7 10 11
8 4 10
9 8 18
10 10 4
11 9 2
12 4 10
13 13 3
14 6 10
15 12 5
16 0 5
17 13 6
18 3 11
19 12 3
20 5 6
21 10 1
22 9 7
23 12 9
24 12 1
25 12 5
26 8 3
27 3 2
28 9 12
29 8 5
30 8 4
31 9 6
32 4 8
33 10 5
34 10 18
35 10 6
36 3 11
37 5 9
38 1 5
39 8 10
40 4 6
41 6 6
42 6 4
43 5 3
44 7 2
45 7 5
46 4 18
47 1 4
48 12 8
49 5 7
50 6 3
51 12 12
52 7 6
53 8 6
54 11 4
55 12 9
56 5 4
57 7 1
58 6 9
59 12 2
60 3 8
61 3 3
62 11 4
63 6 3
64 11 1
65 4 8
66 11 6
67 5 6
68 1 8
69 2 4
70 13 4
71 3 14
72 8 4
73 2 12
74 9 3
75 7 2
76 11 5
77 0 10
78 13 3
79 0 9
80 1 13
81 7 3
82 9 5
83 0 7
84 1 3
85 0 6
86 10 16
ORS: day OR start end
0 0 0 32
0 1 0 32
1 0 0 32
1 1 0 32
2 0 0 32
2 1 0 32
3 0 0 32
3 1 0 32
4 0 0 32
4 1 0 32
start times:
0 8 16 24
end times:
8 16 24 32
load:
1.815625