12 57 1 5
patients: ID surgeon priority leader_priority duration
0 11 1
1 11 15
2 3 4
3 5 5
4 0 14
5 10 2
6 8 1
7 0 6
8 3 6
9 11 11
10 10 6
11 4 2
12 2 6
13 3 4
14 9 18
15 3 11
16 3 4
17 1 17
18 7 16
19 7 6
20 3 2
21 5 5
22 10 5
23 1 6
24 0 3
25 1 4
26 0 4
27 8 4
28 0 2
29 8 1
30 11 6
31 2 3
32 3 10
33 0 13
34 5 4
35 7 3
36 11 2
37 10 3
38 11 16
39 10 10
40 5 1
41 8 16
42 0 2
43 7 5
44 0 6
45 6 3
46 8 1
47 5 5
48 10 3
49 6 5
50 9 1
51 3 9
52 6 10
53 2 16
54 1 2
55 3 6
56 3 1
ORS: day OR start end
0 0 0 32
1 0 0 32
2 0 0 32
3 0 0 32
4 0 0 32
start times:
0 8 16 24
end times:
8 16 24 32
load:
2.20625