8 48 1 5
patients: ID surgeon priority leader_priority duration
0 7 9
1 0 3
2 7 5
3 6 6
4 3 1
5 0 1
6 2 11
7 2 6
8 3 13
9 4 10
10 2 7
11 0 5
12 1 1
13 3 1
14 0 6
15 3 7
16 4 8
17 6 10
18 6 2
19 7 3
20 0 5
21 6 2
22 4 4
23 2 30
24 5 12
25 2 11
26 4 20
27 4 5
28 4 5
29 5 13
30 4 10
31 3 5
32 0 12
33 4 2
34 7 3
35 1 3
36 3 6
37 1 7
38 0 2
39 5 9
40 0 1
41 1 6
42 0 1
43 5 3
44 0 6
45 3 5
46 1 11
47 0 8
ORS: day OR start end
0 0 0 32
1 0 0 32
2 0 0 32
3 0 0 32
4 0 0 32
start times:
0 8 16 24
end times:
8 16 24 32
load:
2.0125