10 141 2 5
patients: ID surgeon priority leader_priority duration
0 5 11
1 1 4
2 8 9
3 6 11
4 9 3
5 5 5
6 8 4
7 1 6
8 0 5
9 9 4
10 3 4
11 7 3
12 3 4
13 6 15
14 0 10
15 4 4
16 4 6
17 4 11
18 4 4
19 9 6
20 4 6
21 4 12
22 2 6
23 1 1
24 0 1
25 2 12
26 8 1
27 8 5
28 9 5
29 9 6
30 9 8
31 4 3
32 9 5
33 2 15
34 1 3
35 7 11
36 5 18
37 8 4
38 1 1
39 4 9
40 0 10
41 7 4
42 1 6
43 5 10
44 7 4
45 6 2
46 1 4
47 3 6
48 4 6
49 2 4
50 6 6
51 5 3
52 7 6
53 7 13
54 8 15
55 2 4
56 5 6
57 0 3
58 9 6
59 7 1
60 9 1
61 3 3
62 6 14
63 0 6
64 0 1
65 3 2
66 4 5
67 5 6
68 3 4
69 8 1
70 8 10
71 4 11
72 0 1
73 2 5
74 4 13
75 0 3
76 2 5
77 6 7
78 0 9
79 6 9
80 4 7
81 1 3
82 4 3
83 3 1
84 9 8
85 8 3
86 5 6
87 3 4
88 1 17
89 2 4
90 4 1
91 9 5
92 3 6
93 1 6
94 3 12
95 8 3
96 7 3
97 3 5
98 4 3
99 2 15
100 1 5
101 1 3
102 9 11
103 8 4
104 3 10
105 2 2
106 1 4
107 6 5
108 2 5
109 3 3
110 0 1
111 8 8
112 9 15
113 5 8
114 4 3
115 4 8
116 5 6
117 1 10
118 6 4
119 4 1
120 5 7
121 7 1
122 4 3
123 3 3
124 5 1
125 6 4
126 0 4
127 7 6
128 4 4
129 9 2
130 0 7
131 3 15
132 7 7
133 4 4
134 3 13
135 1 2
136 6 7
137 6 6
138 7 2
139 4 3
140 0 1
ORS: day OR start end
0 0 0 32
0 1 0 32
1 0 0 32
1 1 0 32
2 0 0 32
2 1 0 32
3 0 0 32
3 1 0 32
4 0 0 32
4 1 0 32
start times:
0 8 16 24
end times:
8 16 24 32
load:
2.590625