10 57 1 5
patients: ID surgeon priority leader_priority duration
0 1 1
1 2 15
2 0 4
3 8 5
4 2 14
5 5 2
6 8 1
7 2 6
8 4 6
9 6 11
10 6 6
11 0 2
12 1 6
13 0 4
14 4 18
15 7 11
16 4 4
17 3 17
18 2 16
19 9 6
20 7 2
21 8 5
22 9 5
23 4 6
24 3 3
25 7 4
26 3 4
27 0 4
28 0 2
29 8 1
30 0 6
31 7 3
32 6 10
33 9 13
34 1 4
35 3 3
36 1 2
37 0 3
38 2 16
39 4 10
40 9 1
41 7 16
42 9 2
43 8 5
44 4 6
45 9 3
46 0 1
47 6 5
48 5 3
49 9 5
50 7 1
51 4 9
52 6 10
53 2 16
54 0 2
55 6 6
56 0 1
ORS: day OR start end
0 0 0 32
1 0 0 32
2 0 0 32
3 0 0 32
4 0 0 32
start times:
0 8 16 24
end times:
8 16 24 32
load:
2.20625