12 129 2 5
patients: ID surgeon priority leader_priority duration
0 7 3
1 11 6
2 0 5
3 4 5
4 0 3
5 4 6
6 9 6
7 8 6
8 10 5
9 4 6
10 5 7
11 7 4
12 11 4
13 5 3
14 1 3
15 2 7
16 6 9
17 2 10
18 11 3
19 10 8
20 0 3
21 5 10
22 9 3
23 2 1
24 8 3
25 9 1
26 9 4
27 11 11
28 1 3
29 11 13
30 11 6
31 2 10
32 10 4
33 4 14
34 8 4
35 10 11
36 5 3
37 7 6
38 5 4
39 6 1
40 8 4
41 4 5
42 10 5
43 2 10
44 1 6
45 1 1
46 4 11
47 8 4
48 5 5
49 3 18
50 11 6
51 5 4
52 0 6
53 11 6
54 2 4
55 4 4
56 8 13
57 5 6
58 5 2
59 11 1
60 11 3
61 6 13
62 3 4
63 5 4
64 6 12
65 11 11
66 7 4
67 11 8
68 1 2
69 3 5
70 6 6
71 10 11
72 7 5
73 8 5
74 4 10
75 0 7
76 1 4
77 0 6
78 2 4
79 2 2
80 5 5
81 5 4
82 8 13
83 2 3
84 2 6
85 1 1
86 3 7
87 8 7
88 8 6
89 4 9
90 1 5
91 0 4
92 1 14
93 9 6
94 6 7
95 9 4
96 0 16
97 5 2
98 3 16
99 2 4
100 2 3
101 0 2
102 2 4
103 3 1
104 2 7
105 8 10
106 3 7
107 1 6
108 9 7
109 2 3
110 5 3
111 3 2
112 0 2
113 2 2
114 1 6
115 1 17
116 4 1
117 3 9
118 8 11
119 5 10
120 8 5
121 5 2
122 11 1
123 6 4
124 5 4
125 9 2
126 0 7
127 0 16
128 6 2
ORS: day OR start end
0 0 0 32
0 1 0 32
1 0 0 32
1 1 0 32
2 0 0 32
2 1 0 32
3 0 0 32
3 1 0 32
4 0 0 32
4 1 0 32
start times:
0 8 16 24
end times:
8 16 24 32
load:
2.39375