20 197 4 5
patients: ID surgeon priority leader_priority duration
0 0 2
1 15 1
2 3 4
3 15 2
4 12 10
5 3 3
6 4 2
7 11 10
8 11 2
9 1 3
10 15 3
11 1 12
12 15 2
13 17 6
14 10 6
15 13 3
16 1 3
17 9 3
18 8 2
19 1 2
20 16 3
21 7 15
22 3 3
23 8 6
24 13 6
25 0 10
26 9 7
27 2 6
28 13 14
29 1 7
30 3 6
31 4 7
32 8 2
33 1 4
34 15 11
35 19 4
36 17 11
37 3 2
38 0 18
39 17 6
40 18 1
41 16 4
42 16 2
43 10 18
44 8 13
45 12 3
46 10 8
47 0 1
48 15 1
49 19 6
50 18 1
51 6 2
52 2 2
53 2 5
54 19 5
55 15 3
56 16 1
57 9 6
58 19 1
59 11 5
60 5 18
61 9 11
62 1 7
63 16 6
64 2 2
65 16 5
66 7 5
67 13 3
68 11 6
69 16 14
70 3 5
71 6 2
72 19 1
73 2 16
74 6 18
75 6 5
76 2 6
77 4 6
78 13 16
79 15 4
80 16 5
81 5 3
82 16 6
83 12 4
84 8 2
85 1 5
86 3 2
87 7 3
88 14 3
89 16 3
90 16 1
91 13 6
92 11 2
93 10 10
94 7 5
95 3 6
96 14 9
97 11 18
98 0 6
99 19 17
100 15 3
101 12 6
102 10 6
103 8 3
104 6 2
105 1 1
106 11 3
107 13 4
108 6 5
109 15 2
110 1 5
111 14 6
112 17 2
113 6 2
114 4 3
115 16 5
116 14 3
117 13 12
118 18 5
119 7 3
120 13 1
121 0 1
122 12 5
123 4 4
124 11 6
125 16 5
126 15 6
127 19 5
128 14 3
129 11 11
130 10 6
131 17 3
132 14 10
133 1 10
134 1 6
135 1 10
136 3 3
137 8 3
138 7 12
139 2 4
140 1 2
141 11 10
142 17 3
143 18 1
144 0 12
145 5 18
146 19 1
147 11 5
148 6 6
149 5 12
150 8 4
151 5 3
152 15 3
153 19 3
154 5 4
155 12 11
156 2 18
157 7 5
158 14 7
159 4 7
160 1 12
161 15 7
162 18 3
163 6 6
164 1 3
165 13 7
166 0 3
167 13 9
168 2 3
169 9 5
170 18 9
171 6 16
172 9 12
173 0 3
174 18 5
175 15 6
176 7 2
177 10 6
178 11 3
179 18 4
180 3 16
181 17 5
182 11 6
183 9 2
184 13 3
185 11 3
186 1 2
187 13 5
188 7 10
189 11 6
190 2 5
191 14 4
192 14 16
193 19 16
194 7 9
195 14 1
196 8 1
ORS: day OR start end
0 0 0 32
0 1 0 32
0 2 0 32
0 3 0 32
1 0 0 32
1 1 0 32
1 2 0 32
1 3 0 32
2 0 0 32
2 1 0 32
2 2 0 32
2 3 0 32
3 0 0 32
3 1 0 32
3 2 0 32
3 3 0 32
4 0 0 32
4 1 0 32
4 2 0 32
4 3 0 32
start times:
0 8 16 24
end times:
8 16 24 32
load:
1.8015625