12 141 2 5
patients: ID surgeon priority leader_priority duration
0 8 11
1 11 4
2 11 9
3 3 11
4 3 3
5 9 5
6 7 4
7 2 6
8 10 5
9 1 4
10 10 4
11 2 3
12 2 4
13 0 15
14 0 10
15 0 4
16 2 6
17 1 11
18 1 4
19 1 6
20 0 6
21 8 12
22 6 6
23 1 1
24 11 1
25 1 12
26 9 1
27 11 5
28 11 5
29 6 6
30 6 8
31 9 3
32 7 5
33 0 15
34 6 3
35 7 11
36 3 18
37 3 4
38 0 1
39 2 9
40 9 10
41 7 4
42 4 6
43 7 10
44 0 4
45 10 2
46 8 4
47 0 6
48 7 6
49 3 4
50 3 6
51 3 3
52 9 6
53 8 13
54 11 15
55 7 4
56 4 6
57 5 3
58 1 6
59 6 1
60 0 1
61 11 3
62 2 14
63 6 6
64 5 1
65 10 2
66 8 5
67 1 6
68 11 4
69 1 1
70 10 10
71 5 11
72 0 1
73 7 5
74 1 13
75 2 3
76 10 5
77 1 7
78 2 9
79 1 9
80 6 7
81 4 3
82 1 3
83 4 1
84 11 8
85 6 3
86 1 6
87 9 4
88 3 17
89 2 4
90 4 1
91 7 5
92 3 6
93 11 6
94 1 12
95 9 3
96 4 3
97 0 5
98 2 3
99 10 15
100 0 5
101 1 3
102 6 11
103 5 4
104 10 10
105 11 2
106 4 4
107 10 5
108 4 5
109 11 3
110 2 1
111 7 8
112 1 15
113 4 8
114 1 3
115 0 8
116 0 6
117 3 10
118 6 4
119 11 1
120 2 7
121 0 1
122 8 3
123 4 3
124 10 1
125 6 4
126 2 4
127 6 6
128 6 4
129 11 2
130 6 7
131 9 15
132 6 7
133 9 4
134 6 13
135 11 2
136 1 7
137 1 6
138 0 2
139 9 3
140 9 1
ORS: day OR start end
0 0 0 32
0 1 0 32
1 0 0 32
1 1 0 32
2 0 0 32
2 1 0 32
3 0 0 32
3 1 0 32
4 0 0 32
4 1 0 32
start times:
0 8 16 24
end times:
8 16 24 32
load:
2.590625