12 69 1 5
patients: ID surgeon priority leader_priority duration
0 7 6
1 0 2
2 5 6
3 4 2
4 3 14
5 2 2
6 10 18
7 4 5
8 8 4
9 4 4
10 7 10
11 4 11
12 1 6
13 7 5
14 10 1
15 4 5
16 9 8
17 4 6
18 10 1
19 10 8
20 10 11
21 7 1
22 8 4
23 5 6
24 11 4
25 8 16
26 11 5
27 7 2
28 9 7
29 7 7
30 1 3
31 2 2
32 8 6
33 3 10
34 2 7
35 8 2
36 11 2
37 2 1
38 7 6
39 10 6
40 0 5
41 6 3
42 6 4
43 6 3
44 2 6
45 0 6
46 10 2
47 11 6
48 0 17
49 1 4
50 0 6
51 11 5
52 8 10
53 5 5
54 5 13
55 6 3
56 4 8
57 7 7
58 5 9
59 9 10
60 2 5
61 8 3
62 4 3
63 0 3
64 7 1
65 6 14
66 8 3
67 10 1
68 3 4
ORS: day OR start end
0 0 0 32
1 0 0 32
2 0 0 32
3 0 0 32
4 0 0 32
start times:
0 8 16 24
end times:
8 16 24 32
load:
2.50625