10 129 2 5
patients: ID surgeon priority leader_priority duration
0 8 3
1 5 6
2 6 5
3 7 5
4 5 3
5 6 6
6 5 6
7 2 6
8 7 5
9 3 6
10 3 7
11 0 4
12 3 4
13 0 3
14 7 3
15 7 7
16 4 9
17 6 10
18 3 3
19 6 8
20 7 3
21 0 10
22 0 3
23 7 1
24 0 3
25 2 1
26 8 4
27 9 11
28 5 3
29 0 13
30 1 6
31 0 10
32 2 4
33 5 14
34 6 4
35 5 11
36 4 3
37 5 6
38 7 4
39 0 1
40 1 4
41 6 5
42 0 5
43 1 10
44 8 6
45 8 1
46 6 11
47 8 4
48 8 5
49 5 18
50 2 6
51 0 4
52 8 6
53 0 6
54 3 4
55 6 4
56 7 13
57 0 6
58 8 2
59 2 1
60 5 3
61 4 13
62 7 4
63 9 4
64 7 12
65 7 11
66 3 4
67 0 8
68 8 2
69 4 5
70 0 6
71 5 11
72 8 5
73 5 5
74 3 10
75 8 7
76 2 4
77 7 6
78 4 4
79 9 2
80 6 5
81 5 4
82 1 13
83 1 3
84 4 6
85 8 1
86 8 7
87 1 7
88 2 6
89 5 9
90 0 5
91 4 4
92 9 14
93 8 6
94 8 7
95 6 4
96 2 16
97 9 2
98 2 16
99 6 4
100 8 3
101 6 2
102 7 4
103 9 1
104 6 7
105 8 10
106 6 7
107 6 6
108 1 7
109 1 3
110 7 3
111 4 2
112 5 2
113 1 2
114 9 6
115 4 17
116 3 1
117 1 9
118 5 11
119 4 10
120 7 5
121 2 2
122 4 1
123 3 4
124 5 4
125 3 2
126 8 7
127 9 16
128 0 2
ORS: day OR start end
0 0 0 32
0 1 0 32
1 0 0 32
1 1 0 32
2 0 0 32
2 1 0 32
3 0 0 32
3 1 0 32
4 0 0 32
4 1 0 32
start times:
0 8 16 24
end times:
8 16 24 32
load:
2.39375