14 56 2 5
patients: ID surgeon priority leader_priority duration
0 12 6
1 7 5
2 0 6
3 1 5
4 6 5
5 0 6
6 5 4
7 6 2
8 7 18
9 7 11
10 11 18
11 6 4
12 6 4
13 2 8
14 8 14
15 1 14
16 8 3
17 13 6
18 4 14
19 1 13
20 1 4
21 3 14
22 2 4
23 1 2
24 4 10
25 10 3
26 11 4
27 5 14
28 6 4
29 11 6
30 12 1
31 1 3
32 12 3
33 3 13
34 7 13
35 10 4
36 0 8
37 3 1
38 9 7
39 8 4
40 13 10
41 9 2
42 9 3
43 6 9
44 11 7
45 11 7
46 6 2
47 10 6
48 8 7
49 9 3
50 11 9
51 7 6
52 2 13
53 1 12
54 1 1
55 8 1
ORS: day OR start end
0 0 0 32
0 1 0 32
1 0 0 32
1 1 0 32
2 0 0 32
2 1 0 32
3 0 0 32
3 1 0 32
4 0 0 32
4 1 0 32
start times:
0 8 16 24
end times:
8 16 24 32
load:
1.20625