14 57 1 5
patients: ID surgeon priority leader_priority duration
0 6 1
1 1 15
2 7 4
3 5 5
4 13 14
5 11 2
6 12 1
7 5 6
8 4 6
9 1 11
10 13 6
11 11 2
12 11 6
13 12 4
14 10 18
15 0 11
16 1 4
17 1 17
18 10 16
19 13 6
20 6 2
21 0 5
22 4 5
23 11 6
24 13 3
25 13 4
26 7 4
27 2 4
28 5 2
29 4 1
30 11 6
31 1 3
32 3 10
33 12 13
34 11 4
35 2 3
36 11 2
37 4 3
38 9 16
39 1 10
40 2 1
41 7 16
42 11 2
43 2 5
44 6 6
45 12 3
46 4 1
47 9 5
48 13 3
49 12 5
50 5 1
51 11 9
52 2 10
53 3 16
54 0 2
55 2 6
56 13 1
ORS: day OR start end
0 0 0 32
1 0 0 32
2 0 0 32
3 0 0 32
4 0 0 32
start times:
0 8 16 24
end times:
8 16 24 32
load:
2.20625