20 91 2 5
patients: ID surgeon priority leader_priority duration
0 8 2
1 17 10
2 17 17
3 13 3
4 10 7
5 19 4
6 14 5
7 9 18
8 17 6
9 18 9
10 17 17
11 4 1
12 1 3
13 14 7
14 18 2
15 17 6
16 1 1
17 9 3
18 10 2
19 4 5
20 0 3
21 10 15
22 0 2
23 13 4
24 9 18
25 5 6
26 10 10
27 12 3
28 19 17
29 16 10
30 6 3
31 6 7
32 7 10
33 0 2
34 17 1
35 0 7
36 18 4
37 12 5
38 7 6
39 12 11
40 6 6
41 19 12
42 16 6
43 18 6
44 18 3
45 19 3
46 13 17
47 15 2
48 18 10
49 7 4
50 0 7
51 11 10
52 8 2
53 9 11
54 1 13
55 7 10
56 10 2
57 9 6
58 1 3
59 8 2
60 13 13
61 8 4
62 17 16
63 14 12
64 17 4
65 19 16
66 17 6
67 3 14
68 13 6
69 1 2
70 2 5
71 15 12
72 13 6
73 2 1
74 12 2
75 17 14
76 19 5
77 13 3
78 9 4
79 8 6
80 5 1
81 6 12
82 1 6
83 0 6
84 3 13
85 11 3
86 18 3
87 0 6
88 8 5
89 3 18
90 9 12
ORS: day OR start end
0 0 0 32
0 1 0 32
1 0 0 32
1 1 0 32
2 0 0 32
2 1 0 32
3 0 0 32
3 1 0 32
4 0 0 32
4 1 0 32
start times:
0 8 16 24
end times:
8 16 24 32
load:
2.009375