14 90 2 5
patients: ID surgeon priority leader_priority duration
0 4 10
1 3 6
2 1 4
3 6 1
4 6 2
5 1 1
6 6 7
7 2 14
8 8 16
9 10 4
10 3 4
11 11 6
12 9 9
13 4 14
14 7 14
15 11 14
16 9 11
17 5 2
18 0 4
19 0 2
20 5 10
21 6 1
22 5 1
23 11 6
24 2 6
25 4 3
26 1 3
27 13 4
28 2 14
29 12 18
30 11 3
31 5 13
32 5 13
33 1 6
34 0 8
35 13 1
36 1 3
37 4 4
38 6 6
39 4 1
40 7 4
41 5 3
42 7 2
43 2 4
44 5 5
45 12 8
46 13 6
47 13 4
48 4 1
49 8 4
50 2 2
51 8 3
52 4 11
53 2 13
54 4 4
55 4 1
56 8 2
57 10 8
58 2 5
59 10 7
60 7 14
61 13 8
62 13 5
63 8 6
64 5 10
65 4 6
66 10 1
67 2 16
68 11 8
69 8 6
70 4 5
71 9 4
72 6 4
73 9 4
74 5 6
75 4 10
76 11 2
77 5 7
78 0 6
79 7 4
80 5 4
81 3 3
82 4 17
83 11 5
84 2 11
85 2 14
86 9 14
87 3 4
88 7 5
89 0 4
ORS: day OR start end
0 0 0 32
0 1 0 32
1 0 0 32
1 1 0 32
2 0 0 32
2 1 0 32
3 0 0 32
3 1 0 32
4 0 0 32
4 1 0 32
start times:
0 8 16 24
end times:
8 16 24 32
load:
1.809375