10 56 1 5
patients: ID surgeon priority leader_priority duration
0 8 1
1 6 2
2 8 6
3 6 15
4 2 1
5 8 2
6 7 1
7 2 6
8 4 6
9 6 4
10 0 5
11 7 11
12 0 8
13 2 4
14 0 1
15 3 12
16 3 1
17 9 1
18 9 6
19 2 13
20 5 5
21 9 6
22 2 7
23 7 6
24 1 6
25 3 2
26 5 7
27 9 6
28 0 1
29 3 7
30 3 6
31 6 6
32 8 7
33 8 6
34 8 3
35 1 4
36 0 3
37 1 1
38 6 5
39 3 3
40 0 10
41 0 13
42 4 9
43 3 4
44 8 5
45 6 10
46 2 18
47 1 3
48 5 3
49 5 6
50 8 15
51 4 6
52 4 5
53 9 3
54 8 7
55 0 5
ORS: day OR start end
0 0 0 32
1 0 0 32
2 0 0 32
3 0 0 32
4 0 0 32
start times:
0 8 16 24
end times:
8 16 24 32
load:
2.03125