20 168 4 5
patients: ID surgeon priority leader_priority duration
0 17 5
1 17 5
2 5 11
3 19 3
4 2 5
5 0 1
6 9 3
7 16 6
8 5 7
9 16 1
10 3 6
11 8 7
12 15 1
13 19 1
14 13 3
15 9 10
16 12 6
17 6 1
18 0 8
19 5 2
20 9 6
21 8 14
22 9 5
23 10 3
24 8 3
25 3 6
26 18 5
27 11 18
28 12 2
29 17 5
30 10 3
31 8 10
32 1 5
33 11 1
34 16 5
35 10 6
36 11 6
37 11 6
38 12 2
39 9 2
40 9 14
41 6 6
42 1 7
43 10 7
44 15 5
45 9 16
46 0 13
47 19 13
48 11 4
49 18 14
50 4 11
51 7 10
52 11 1
53 2 9
54 16 14
55 3 6
56 5 12
57 8 10
58 17 4
59 19 4
60 12 5
61 1 2
62 11 5
63 14 6
64 1 2
65 7 7
66 18 6
67 0 6
68 9 3
69 8 20
70 2 18
71 17 6
72 6 8
73 8 12
74 4 1
75 4 4
76 11 6
77 2 2
78 6 18
79 6 10
80 12 7
81 8 6
82 0 18
83 14 6
84 7 3
85 3 7
86 19 10
87 14 12
88 14 6
89 16 1
90 7 2
91 13 3
92 19 10
93 5 10
94 12 6
95 7 3
96 12 3
97 18 11
98 6 9
99 8 9
100 2 6
101 16 2
102 9 1
103 16 10
104 7 18
105 15 3
106 12 2
107 11 6
108 16 2
109 13 8
110 3 5
111 0 6
112 3 11
113 8 6
114 15 3
115 14 3
116 11 3
117 9 17
118 13 6
119 11 5
120 8 6
121 3 10
122 8 7
123 11 8
124 19 4
125 5 6
126 17 3
127 2 16
128 3 6
129 10 10
130 7 6
131 11 10
132 10 7
133 16 14
134 13 2
135 15 1
136 3 14
137 8 6
138 14 5
139 4 22
140 13 20
141 0 10
142 13 6
143 11 16
144 17 1
145 11 11
146 10 7
147 5 2
148 5 1
149 8 4
150 4 6
151 11 3
152 10 3
153 5 7
154 0 7
155 2 5
156 19 14
157 9 2
158 5 8
159 15 6
160 0 3
161 16 6
162 18 14
163 11 13
164 13 4
165 2 13
166 6 6
167 19 1
ORS: day OR start end
0 0 0 32
0 1 0 32
0 2 0 32
0 3 0 32
1 0 0 32
1 1 0 32
1 2 0 32
1 3 0 32
2 0 0 32
2 1 0 32
2 2 0 32
2 3 0 32
3 0 0 32
3 1 0 32
3 2 0 32
3 3 0 32
4 0 0 32
4 1 0 32
4 2 0 32
4 3 0 32
start times:
0 8 16 24
end times:
8 16 24 32
load:
1.8109375