8 47 1 5
patients: ID surgeon priority leader_priority duration
0 3 3
1 1 11
2 0 6
3 3 4
4 5 6
5 4 8
6 4 5
7 6 9
8 3 1
9 7 5
10 2 7
11 4 12
12 3 5
13 0 4
14 4 1
15 4 4
16 7 3
17 1 10
18 4 1
19 1 4
20 6 10
21 5 2
22 4 10
23 0 4
24 3 18
25 6 18
26 7 10
27 2 4
28 7 2
29 6 10
30 5 2
31 1 1
32 3 3
33 6 6
34 7 4
35 0 6
36 5 19
37 5 16
38 1 8
39 1 11
40 2 14
41 5 5
42 4 4
43 1 16
44 1 4
45 1 1
46 4 1
ORS: day OR start end
0 0 0 32
1 0 0 32
2 0 0 32
3 0 0 32
4 0 0 32
start times:
0 8 16 24
end times:
8 16 24 32
load:
1.9875