20 186 4 5
patients: ID surgeon priority leader_priority duration
0 5 6
1 16 3
2 2 11
3 12 3
4 4 3
5 6 1
6 13 6
7 10 7
8 19 4
9 3 5
10 16 8
11 12 9
12 10 3
13 17 15
14 3 6
15 8 13
16 1 10
17 13 6
18 17 1
19 8 4
20 0 7
21 13 3
22 13 27
23 19 3
24 0 6
25 15 3
26 0 6
27 15 4
28 4 4
29 0 10
30 13 18
31 15 3
32 9 11
33 17 2
34 11 4
35 1 6
36 19 17
37 9 9
38 15 14
39 9 16
40 2 16
41 10 3
42 4 13
43 8 4
44 14 2
45 10 4
46 11 10
47 1 3
48 14 5
49 1 10
50 0 13
51 9 1
52 10 5
53 18 4
54 7 10
55 3 2
56 9 10
57 14 1
58 10 7
59 13 5
60 10 6
61 2 27
62 18 8
63 4 5
64 18 3
65 1 5
66 4 3
67 19 1
68 16 4
69 9 3
70 6 4
71 15 5
72 5 12
73 3 15
74 9 10
75 13 5
76 6 6
77 3 2
78 16 12
79 4 3
80 10 10
81 17 9
82 1 3
83 16 6
84 19 4
85 4 4
86 12 5
87 11 6
88 11 6
89 14 2
90 1 9
91 15 10
92 12 3
93 1 3
94 4 10
95 6 6
96 2 29
97 16 9
98 12 7
99 2 4
100 0 6
101 16 3
102 18 7
103 11 18
104 11 5
105 15 2
106 1 1
107 2 2
108 11 1
109 11 10
110 0 7
111 0 10
112 4 6
113 3 4
114 10 15
115 0 4
116 7 1
117 1 6
118 10 6
119 14 6
120 6 5
121 13 6
122 3 5
123 3 5
124 1 7
125 2 7
126 5 6
127 12 8
128 10 6
129 14 12
130 11 12
131 19 8
132 7 5
133 0 2
134 17 4
135 3 6
136 7 7
137 8 6
138 5 5
139 11 5
140 6 6
141 16 1
142 1 7
143 6 6
144 0 7
145 11 7
146 8 6
147 12 4
148 15 16
149 19 14
150 8 14
151 10 5
152 13 7
153 2 14
154 9 1
155 14 17
156 17 16
157 10 6
158 5 4
159 5 6
160 1 3
161 8 11
162 8 4
163 7 9
164 17 3
165 10 3
166 15 12
167 8 2
168 9 6
169 15 3
170 15 9
171 17 10
172 0 3
173 19 11
174 15 3
175 0 10
176 7 2
177 14 1
178 8 10
179 19 18
180 1 14
181 3 5
182 11 4
183 10 4
184 19 4
185 6 1
ORS: day OR start end
0 0 0 32
0 1 0 32
0 2 0 32
0 3 0 32
1 0 0 32
1 1 0 32
1 2 0 32
1 3 0 32
2 0 0 32
2 1 0 32
2 2 0 32
2 3 0 32
3 0 0 32
3 1 0 32
3 2 0 32
3 3 0 32
4 0 0 32
4 1 0 32
4 2 0 32
4 3 0 32
start times:
0 8 16 24
end times:
8 16 24 32
load:
2.0078125