10 116 2 5
patients: ID surgeon priority leader_priority duration
0 5 9
1 8 3
2 4 13
3 7 8
4 8 3
5 1 6
6 6 3
7 7 7
8 9 2
9 4 5
10 5 6
11 6 3
12 9 5
13 2 15
14 9 18
15 5 4
16 0 3
17 5 18
18 1 10
19 9 4
20 0 4
21 9 7
22 0 5
23 1 2
24 3 5
25 0 3
26 6 4
27 6 5
28 7 10
29 3 6
30 2 4
31 3 13
32 6 5
33 8 4
34 3 4
35 7 16
36 7 5
37 1 6
38 2 15
39 3 3
40 3 11
41 2 18
42 4 6
43 3 9
44 5 1
45 5 4
46 9 6
47 1 5
48 6 14
49 6 6
50 9 3
51 0 6
52 9 4
53 3 10
54 1 11
55 6 10
56 1 1
57 8 10
58 7 15
59 2 2
60 5 2
61 1 2
62 1 1
63 9 3
64 5 18
65 9 7
66 9 5
67 6 6
68 8 6
69 3 3
70 5 5
71 4 8
72 1 17
73 2 4
74 9 6
75 4 2
76 2 5
77 5 18
78 5 10
79 7 4
80 8 5
81 1 6
82 3 8
83 6 8
84 8 5
85 6 4
86 0 4
87 5 6
88 1 9
89 3 3
90 1 6
91 9 7
92 6 6
93 4 7
94 2 22
95 1 12
96 1 6
97 0 6
98 5 16
99 3 10
100 4 10
101 4 4
102 4 3
103 1 10
104 2 6
105 4 6
106 3 10
107 7 14
108 4 18
109 0 1
110 5 6
111 8 3
112 9 10
113 4 3
114 5 17
115 8 3
ORS: day OR start end
0 0 0 32
0 1 0 32
1 0 0 32
1 1 0 32
2 0 0 32
2 1 0 32
3 0 0 32
3 1 0 32
4 0 0 32
4 1 0 32
start times:
0 8 16 24
end times:
8 16 24 32
load:
2.609375