14 56 1 5
patients: ID surgeon priority leader_priority duration
0 4 1
1 10 2
2 10 6
3 1 15
4 0 1
5 6 2
6 9 1
7 9 6
8 3 6
9 4 4
10 4 5
11 13 11
12 1 8
13 3 4
14 11 1
15 11 12
16 13 1
17 8 1
18 9 6
19 3 13
20 8 5
21 10 6
22 6 7
23 8 6
24 10 6
25 3 2
26 11 7
27 11 6
28 1 1
29 3 7
30 4 6
31 11 6
32 13 7
33 3 6
34 11 3
35 3 4
36 0 3
37 10 1
38 10 5
39 2 3
40 3 10
41 0 13
42 9 9
43 12 4
44 11 5
45 6 10
46 3 18
47 10 3
48 8 3
49 1 6
50 5 15
51 12 6
52 11 5
53 6 3
54 7 7
55 4 5
ORS: day OR start end
0 0 0 32
1 0 0 32
2 0 0 32
3 0 0 32
4 0 0 32
start times:
0 8 16 24
end times:
8 16 24 32
load:
2.03125