12 57 1 5
patients: ID surgeon priority leader_priority duration
0 3 3
1 11 7
2 5 2
3 6 11
4 9 1
5 4 11
6 4 4
7 0 2
8 9 11
9 4 13
10 7 10
11 5 22
12 4 13
13 2 1
14 5 12
15 4 4
16 11 4
17 9 8
18 10 6
19 11 4
20 8 15
21 7 10
22 10 6
23 2 6
24 5 6
25 10 20
26 9 3
27 8 6
28 11 1
29 4 13
30 5 2
31 10 5
32 11 2
33 0 1
34 2 8
35 5 13
36 1 10
37 1 4
38 3 6
39 0 12
40 8 7
41 8 6
42 0 3
43 5 4
44 6 6
45 1 11
46 4 7
47 9 1
48 8 12
49 4 2
50 2 11
51 10 5
52 11 3
53 11 1
54 11 16
55 2 5
56 11 1
ORS: day OR start end
0 0 0 32
1 0 0 32
2 0 0 32
3 0 0 32
4 0 0 32
start times:
0 8 16 24
end times:
8 16 24 32
load:
2.49375