14 50 2 5
patients: ID surgeon priority leader_priority duration
0 3 21
1 9 10
2 5 8
3 13 10
4 8 3
5 0 16
6 0 10
7 6 2
8 1 12
9 9 1
10 0 5
11 13 16
12 9 1
13 13 6
14 8 11
15 3 6
16 10 8
17 5 11
18 5 3
19 9 3
20 12 10
21 0 16
22 6 2
23 13 11
24 8 8
25 12 5
26 10 3
27 9 14
28 10 3
29 12 10
30 2 4
31 3 6
32 9 14
33 5 7
34 10 6
35 9 9
36 12 15
37 7 3
38 8 6
39 3 5
40 7 3
41 7 2
42 13 2
43 7 3
44 3 3
45 4 6
46 3 6
47 13 16
48 0 18
49 11 6
ORS: day OR start end
0 0 0 32
0 1 0 32
1 0 0 32
1 1 0 32
2 0 0 32
2 1 0 32
3 0 0 32
3 1 0 32
4 0 0 32
4 1 0 32
start times:
0 8 16 24
end times:
8 16 24 32
load:
1.203125