10 60 1 5
patients: ID surgeon priority leader_priority duration
0 6 5
1 0 7
2 3 3
3 4 4
4 5 18
5 8 14
6 5 9
7 0 7
8 3 11
9 4 3
10 3 2
11 1 7
12 7 11
13 5 12
14 0 6
15 0 5
16 3 7
17 3 6
18 7 5
19 2 3
20 1 7
21 4 20
22 9 10
23 6 2
24 8 8
25 4 6
26 6 6
27 5 3
28 4 10
29 4 3
30 5 2
31 9 4
32 4 5
33 4 11
34 0 11
35 7 1
36 9 8
37 0 7
38 6 6
39 3 10
40 0 6
41 4 5
42 6 4
43 1 16
44 7 18
45 1 6
46 3 6
47 0 3
48 8 4
49 8 5
50 6 6
51 1 6
52 8 8
53 9 7
54 0 6
55 4 1
56 9 10
57 1 13
58 1 1
59 0 2
ORS: day OR start end
0 0 0 32
1 0 0 32
2 0 0 32
3 0 0 32
4 0 0 32
start times:
0 8 16 24
end times:
8 16 24 32
load:
2.6125