12 116 2 5
patients: ID surgeon priority leader_priority duration
0 8 9
1 7 3
2 6 13
3 7 8
4 3 3
5 6 6
6 8 3
7 0 7
8 3 2
9 1 5
10 8 6
11 6 3
12 5 5
13 6 15
14 3 18
15 4 4
16 8 3
17 8 18
18 6 10
19 4 4
20 2 4
21 5 7
22 4 5
23 5 2
24 8 5
25 2 3
26 3 4
27 1 5
28 2 10
29 7 6
30 9 4
31 11 13
32 8 5
33 3 4
34 5 4
35 7 16
36 2 5
37 1 6
38 6 15
39 7 3
40 9 11
41 9 18
42 6 6
43 1 9
44 10 1
45 4 4
46 10 6
47 1 5
48 1 14
49 1 6
50 8 3
51 5 6
52 7 4
53 1 10
54 0 11
55 3 10
56 5 1
57 1 10
58 3 15
59 2 2
60 8 2
61 9 2
62 10 1
63 5 3
64 9 18
65 4 7
66 7 5
67 9 6
68 1 6
69 2 3
70 11 5
71 10 8
72 10 17
73 0 4
74 11 6
75 5 2
76 7 5
77 11 18
78 7 10
79 6 4
80 5 5
81 6 6
82 7 8
83 11 8
84 11 5
85 6 4
86 8 4
87 0 6
88 0 9
89 8 3
90 3 6
91 6 7
92 4 6
93 4 7
94 6 22
95 7 12
96 7 6
97 9 6
98 0 16
99 6 10
100 4 10
101 10 4
102 8 3
103 11 10
104 9 6
105 0 6
106 7 10
107 10 14
108 5 18
109 8 1
110 0 6
111 10 3
112 10 10
113 9 3
114 5 17
115 10 3
ORS: day OR start end
0 0 0 32
0 1 0 32
1 0 0 32
1 1 0 32
2 0 0 32
2 1 0 32
3 0 0 32
3 1 0 32
4 0 0 32
4 1 0 32
start times:
0 8 16 24
end times:
8 16 24 32
load:
2.609375