12 60 1 5
patients: ID surgeon priority leader_priority duration
0 3 5
1 8 7
2 5 3
3 4 4
4 11 18
5 0 14
6 10 9
7 4 7
8 11 11
9 10 3
10 1 2
11 6 7
12 5 11
13 3 12
14 5 6
15 10 5
16 0 7
17 5 6
18 1 5
19 0 3
20 4 7
21 8 20
22 4 10
23 10 2
24 1 8
25 10 6
26 0 6
27 4 3
28 7 10
29 9 3
30 11 2
31 5 4
32 5 5
33 3 11
34 11 11
35 9 1
36 10 8
37 8 7
38 4 6
39 4 10
40 3 6
41 8 5
42 8 4
43 3 16
44 0 18
45 10 6
46 0 6
47 2 3
48 10 4
49 9 5
50 6 6
51 2 6
52 3 8
53 2 7
54 1 6
55 7 1
56 5 10
57 5 13
58 2 1
59 5 2
ORS: day OR start end
0 0 0 32
1 0 0 32
2 0 0 32
3 0 0 32
4 0 0 32
start times:
0 8 16 24
end times:
8 16 24 32
load:
2.6125