8 60 1 5
patients: ID surgeon priority leader_priority duration
0 2 5
1 3 7
2 6 3
3 2 4
4 3 18
5 2 14
6 6 9
7 1 7
8 1 11
9 3 3
10 6 2
11 1 7
12 7 11
13 0 12
14 1 6
15 7 5
16 5 7
17 0 6
18 2 5
19 0 3
20 3 7
21 2 20
22 6 10
23 1 2
24 3 8
25 2 6
26 7 6
27 5 3
28 5 10
29 3 3
30 0 2
31 7 4
32 3 5
33 7 11
34 7 11
35 4 1
36 2 8
37 3 7
38 4 6
39 2 10
40 4 6
41 0 5
42 4 4
43 2 16
44 7 18
45 4 6
46 2 6
47 7 3
48 7 4
49 5 5
50 7 6
51 4 6
52 1 8
53 7 7
54 4 6
55 0 1
56 4 10
57 6 13
58 6 1
59 5 2
ORS: day OR start end
0 0 0 32
1 0 0 32
2 0 0 32
3 0 0 32
4 0 0 32
start times:
0 8 16 24
end times:
8 16 24 32
load:
2.6125