14 60 1 5
patients: ID surgeon priority leader_priority duration
0 3 5
1 13 7
2 10 3
3 2 4
4 12 18
5 3 14
6 0 9
7 0 7
8 8 11
9 12 3
10 9 2
11 12 7
12 5 11
13 8 12
14 12 6
15 5 5
16 6 7
17 7 6
18 10 5
19 12 3
20 12 7
21 11 20
22 12 10
23 12 2
24 3 8
25 3 6
26 3 6
27 8 3
28 11 10
29 6 3
30 11 2
31 4 4
32 3 5
33 10 11
34 6 11
35 6 1
36 4 8
37 6 7
38 6 6
39 12 10
40 9 6
41 1 5
42 3 4
43 5 16
44 6 18
45 4 6
46 1 6
47 11 3
48 11 4
49 12 5
50 12 6
51 3 6
52 10 8
53 7 7
54 6 6
55 1 1
56 1 10
57 7 13
58 12 1
59 9 2
ORS: day OR start end
0 0 0 32
1 0 0 32
2 0 0 32
3 0 0 32
4 0 0 32
start times:
0 8 16 24
end times:
8 16 24 32
load:
2.6125