12 56 1 5
patients: ID surgeon priority leader_priority duration
0 1 1
1 10 2
2 9 6
3 5 15
4 2 1
5 6 2
6 7 1
7 3 6
8 0 6
9 1 4
10 8 5
11 6 11
12 0 8
13 2 4
14 5 1
15 10 12
16 9 1
17 11 1
18 7 6
19 4 13
20 7 5
21 0 6
22 11 7
23 7 6
24 4 6
25 0 2
26 4 7
27 2 6
28 9 1
29 9 7
30 9 6
31 9 6
32 6 7
33 11 6
34 9 3
35 3 4
36 6 3
37 2 1
38 10 5
39 4 3
40 7 10
41 11 13
42 1 9
43 2 4
44 4 5
45 11 10
46 0 18
47 5 3
48 8 3
49 1 6
50 10 15
51 3 6
52 6 5
53 9 3
54 0 7
55 0 5
ORS: day OR start end
0 0 0 32
1 0 0 32
2 0 0 32
3 0 0 32
4 0 0 32
start times:
0 8 16 24
end times:
8 16 24 32
load:
2.03125