14 66 2 5
patients: ID surgeon priority leader_priority duration
0 0 10
1 5 7
2 4 4
3 7 11
4 8 18
5 3 5
6 8 6
7 8 6
8 9 16
9 6 5
10 7 3
11 7 13
12 11 16
13 10 15
14 13 7
15 8 3
16 1 1
17 1 6
18 4 7
19 9 14
20 4 10
21 10 2
22 9 8
23 4 18
24 12 6
25 10 4
26 4 1
27 10 6
28 4 4
29 2 3
30 10 4
31 4 5
32 8 1
33 9 3
34 8 6
35 1 7
36 11 6
37 10 11
38 1 4
39 6 12
40 0 8
41 11 6
42 4 2
43 2 4
44 1 5
45 13 2
46 10 11
47 13 1
48 10 11
49 4 2
50 12 3
51 10 30
52 10 16
53 4 6
54 11 6
55 7 14
56 10 1
57 9 3
58 2 6
59 13 6
60 4 8
61 4 11
62 5 11
63 1 6
64 12 2
65 0 4
ORS: day OR start end
0 0 0 32
0 1 0 32
1 0 0 32
1 1 0 32
2 0 0 32
2 1 0 32
3 0 0 32
3 1 0 32
4 0 0 32
4 1 0 32
start times:
0 8 16 24
end times:
8 16 24 32
load:
1.496875