10 48 1 5
patients: ID surgeon priority leader_priority duration
0 2 3
1 9 3
2 8 10
3 4 7
4 5 2
5 7 10
6 6 6
7 0 7
8 1 3
9 9 4
10 3 6
11 9 11
12 3 3
13 0 2
14 0 16
15 2 10
16 0 10
17 3 7
18 4 5
19 7 7
20 9 6
21 5 6
22 9 4
23 3 3
24 5 6
25 9 3
26 6 4
27 6 3
28 3 6
29 4 5
30 6 14
31 2 14
32 5 24
33 1 6
34 3 16
35 0 6
36 9 7
37 1 5
38 9 2
39 2 2
40 3 6
41 1 4
42 6 8
43 5 1
44 0 10
45 9 9
46 7 5
47 3 5
ORS: day OR start end
0 0 0 32
1 0 0 32
2 0 0 32
3 0 0 32
4 0 0 32
start times:
0 8 16 24
end times:
8 16 24 32
load:
2.0125