14 64 1 5
patients: ID surgeon priority leader_priority duration
0 13 4
1 5 6
2 9 2
3 13 3
4 2 6
5 1 6
6 1 7
7 2 14
8 1 4
9 6 2
10 9 10
11 7 3
12 6 2
13 0 10
14 2 1
15 5 2
16 12 6
17 2 3
18 8 7
19 8 6
20 5 12
21 0 7
22 13 1
23 12 6
24 8 4
25 12 3
26 8 6
27 0 3
28 7 3
29 7 2
30 9 6
31 4 1
32 1 5
33 10 4
34 1 6
35 1 14
36 13 5
37 5 5
38 9 5
39 11 10
40 7 6
41 12 3
42 3 10
43 2 6
44 2 14
45 6 4
46 13 3
47 13 2
48 7 4
49 0 2
50 2 3
51 8 16
52 5 3
53 11 4
54 12 3
55 6 13
56 12 3
57 4 3
58 9 4
59 5 6
60 1 10
61 8 6
62 12 6
63 9 8
ORS: day OR start end
0 0 0 32
1 0 0 32
2 0 0 32
3 0 0 32
4 0 0 32
start times:
0 8 16 24
end times:
8 16 24 32
load:
2.2125