10 64 1 5
patients: ID surgeon priority leader_priority duration
0 1 4
1 1 6
2 7 2
3 5 3
4 1 6
5 2 6
6 3 7
7 2 14
8 0 4
9 0 2
10 3 10
11 6 3
12 5 2
13 5 10
14 5 1
15 3 2
16 3 6
17 1 3
18 7 7
19 5 6
20 6 12
21 8 7
22 9 1
23 4 6
24 1 4
25 6 3
26 9 6
27 4 3
28 3 3
29 1 2
30 1 6
31 1 1
32 9 5
33 0 4
34 4 6
35 5 14
36 1 5
37 4 5
38 9 5
39 3 10
40 9 6
41 2 3
42 1 10
43 1 6
44 3 14
45 0 4
46 3 3
47 4 2
48 5 4
49 6 2
50 5 3
51 6 16
52 8 3
53 7 4
54 9 3
55 4 13
56 6 3
57 3 3
58 1 4
59 8 6
60 2 10
61 2 6
62 9 6
63 8 8
ORS: day OR start end
0 0 0 32
1 0 0 32
2 0 0 32
3 0 0 32
4 0 0 32
start times:
0 8 16 24
end times:
8 16 24 32
load:
2.2125