20 195 4 5
patients: ID surgeon priority leader_priority duration
0 16 9
1 5 6
2 10 6
3 7 8
4 10 4
5 13 8
6 18 4
7 17 3
8 16 6
9 2 10
10 18 8
11 13 10
12 19 13
13 12 3
14 12 4
15 2 4
16 6 6
17 11 5
18 19 7
19 2 7
20 2 3
21 18 6
22 7 6
23 4 7
24 13 4
25 7 4
26 9 18
27 10 6
28 0 10
29 3 9
30 7 10
31 7 4
32 19 6
33 2 7
34 2 4
35 3 1
36 9 7
37 18 3
38 6 4
39 18 3
40 13 12
41 17 6
42 2 16
43 15 7
44 11 13
45 14 14
46 14 3
47 6 6
48 8 4
49 11 10
50 16 8
51 11 3
52 11 4
53 12 24
54 8 7
55 13 1
56 5 18
57 8 11
58 1 1
59 2 6
60 2 4
61 19 7
62 3 6
63 15 8
64 18 3
65 14 5
66 12 3
67 14 6
68 17 17
69 1 6
70 2 4
71 1 5
72 7 6
73 10 5
74 12 3
75 14 7
76 6 5
77 7 8
78 0 2
79 7 15
80 17 14
81 3 6
82 8 3
83 11 3
84 14 3
85 19 7
86 12 8
87 12 12
88 9 1
89 14 7
90 17 4
91 7 15
92 1 3
93 10 11
94 16 3
95 9 2
96 4 8
97 12 4
98 5 5
99 4 6
100 1 3
101 9 3
102 12 2
103 6 2
104 11 7
105 16 13
106 5 5
107 2 5
108 18 1
109 7 2
110 19 16
111 3 5
112 7 16
113 5 6
114 5 7
115 17 16
116 7 5
117 9 5
118 8 3
119 6 4
120 9 5
121 14 1
122 10 12
123 15 2
124 8 6
125 0 10
126 10 6
127 15 3
128 0 3
129 0 30
130 14 6
131 7 18
132 19 4
133 11 1
134 9 4
135 2 6
136 8 3
137 0 7
138 7 3
139 10 6
140 5 10
141 8 14
142 1 7
143 6 13
144 2 1
145 5 6
146 7 6
147 5 1
148 8 6
149 18 6
150 6 3
151 13 5
152 10 8
153 7 11
154 12 6
155 1 2
156 16 2
157 3 1
158 7 2
159 4 20
160 19 3
161 11 7
162 12 12
163 11 1
164 0 4
165 17 3
166 2 10
167 17 5
168 11 11
169 9 9
170 11 2
171 16 6
172 0 8
173 12 1
174 8 4
175 13 3
176 0 4
177 19 3
178 12 6
179 15 8
180 19 11
181 5 11
182 5 2
183 7 3
184 7 3
185 11 6
186 5 18
187 7 6
188 10 4
189 2 4
190 10 12
191 10 3
192 10 3
193 1 9
194 6 9
ORS: day OR start end
0 0 0 32
0 1 0 32
0 2 0 32
0 3 0 32
1 0 0 32
1 1 0 32
1 2 0 32
1 3 0 32
2 0 0 32
2 1 0 32
2 2 0 32
2 3 0 32
3 0 0 32
3 1 0 32
3 2 0 32
3 3 0 32
4 0 0 32
4 1 0 32
4 2 0 32
4 3 0 32
start times:
0 8 16 24
end times:
8 16 24 32
load:
2.0046875