12 133 2 5
patients: ID surgeon priority leader_priority duration
0 8 14
1 10 3
2 7 2
3 8 6
4 11 14
5 0 6
6 3 8
7 8 7
8 7 2
9 5 12
10 1 7
11 3 11
12 0 6
13 5 6
14 2 2
15 8 1
16 11 6
17 7 3
18 9 6
19 3 6
20 1 2
21 10 3
22 5 6
23 0 11
24 3 11
25 5 1
26 8 3
27 4 6
28 4 3
29 8 3
30 5 6
31 10 13
32 11 7
33 0 2
34 9 5
35 3 17
36 10 5
37 4 9
38 4 6
39 10 4
40 6 7
41 11 6
42 5 18
43 11 7
44 7 6
45 5 3
46 1 4
47 3 3
48 0 5
49 0 11
50 2 2
51 8 6
52 9 4
53 5 2
54 3 3
55 10 5
56 4 11
57 4 10
58 1 3
59 11 2
60 10 7
61 3 14
62 1 4
63 7 1
64 5 16
65 3 7
66 2 5
67 11 6
68 0 2
69 0 1
70 7 6
71 6 4
72 6 18
73 6 3
74 5 10
75 8 4
76 1 1
77 10 3
78 7 11
79 10 6
80 2 3
81 5 3
82 3 14
83 3 11
84 11 11
85 0 9
86 10 2
87 0 1
88 11 3
89 9 11
90 9 9
91 1 7
92 6 7
93 3 6
94 2 3
95 8 6
96 10 2
97 0 6
98 8 4
99 10 4
100 2 16
101 11 4
102 11 6
103 9 9
104 2 4
105 3 4
106 8 6
107 2 5
108 1 6
109 6 11
110 0 1
111 7 8
112 11 10
113 1 3
114 10 6
115 6 3
116 7 15
117 11 7
118 5 1
119 5 18
120 7 4
121 5 4
122 3 6
123 5 4
124 1 6
125 0 5
126 5 1
127 5 6
128 3 1
129 3 9
130 6 6
131 4 5
132 5 11
ORS: day OR start end
0 0 0 32
0 1 0 32
1 0 0 32
1 1 0 32
2 0 0 32
2 1 0 32
3 0 0 32
3 1 0 32
4 0 0 32
4 1 0 32
start times:
0 8 16 24
end times:
8 16 24 32
load:
2.596875