10 109 2 5
patients: ID surgeon priority leader_priority duration
0 3 12
1 8 6
2 5 6
3 3 3
4 9 3
5 9 1
6 4 5
7 8 18
8 1 11
9 9 6
10 1 12
11 0 2
12 0 2
13 2 3
14 1 5
15 6 7
16 2 6
17 5 3
18 7 1
19 7 5
20 7 16
21 6 7
22 0 5
23 1 6
24 6 25
25 4 3
26 1 5
27 9 6
28 0 13
29 8 13
30 2 10
31 1 2
32 9 6
33 0 1
34 9 18
35 6 6
36 0 6
37 2 8
38 3 6
39 2 3
40 6 13
41 5 4
42 9 10
43 0 7
44 3 10
45 2 3
46 9 6
47 3 11
48 5 18
49 3 6
50 2 8
51 3 9
52 5 18
53 9 5
54 6 13
55 1 16
56 8 6
57 6 3
58 6 3
59 8 6
60 7 13
61 1 1
62 8 2
63 2 8
64 8 3
65 4 3
66 0 2
67 8 6
68 7 5
69 2 6
70 2 3
71 3 2
72 6 9
73 7 10
74 6 5
75 3 2
76 7 4
77 7 7
78 3 1
79 1 4
80 4 3
81 8 18
82 3 3
83 6 19
84 6 6
85 6 18
86 3 5
87 0 10
88 3 13
89 3 6
90 2 7
91 4 11
92 7 3
93 8 6
94 9 18
95 0 4
96 3 7
97 7 10
98 4 2
99 4 2
100 1 5
101 8 3
102 3 3
103 7 8
104 6 3
105 9 7
106 5 9
107 3 7
108 1 1
ORS: day OR start end
0 0 0 32
0 1 0 32
1 0 0 32
1 1 0 32
2 0 0 32
2 1 0 32
3 0 0 32
3 1 0 32
4 0 0 32
4 1 0 32
start times:
0 8 16 24
end times:
8 16 24 32
load:
2.40625