14 78 2 5
patients: ID surgeon priority leader_priority duration
0 11 6
1 5 4
2 4 5
3 6 4
4 0 5
5 8 1
6 6 4
7 10 4
8 9 12
9 3 6
10 12 6
11 4 1
12 0 8
13 9 14
14 11 16
15 8 3
16 7 18
17 8 14
18 8 11
19 5 15
20 7 16
21 12 5
22 11 3
23 13 5
24 1 2
25 4 8
26 7 6
27 4 3
28 13 18
29 11 14
30 10 4
31 9 16
32 12 11
33 7 3
34 4 5
35 12 4
36 12 9
37 9 18
38 11 1
39 13 13
40 2 4
41 4 6
42 13 14
43 4 2
44 10 2
45 7 4
46 12 4
47 0 13
48 4 1
49 6 6
50 0 4
51 5 7
52 3 18
53 9 3
54 10 1
55 11 3
56 3 6
57 10 14
58 5 3
59 10 10
60 3 6
61 7 5
62 11 2
63 3 17
64 6 2
65 8 5
66 8 3
67 0 2
68 3 17
69 9 4
70 6 11
71 9 5
72 3 3
73 8 6
74 10 16
75 5 4
76 6 15
77 6 7
ORS: day OR start end
0 0 0 32
0 1 0 32
1 0 0 32
1 1 0 32
2 0 0 32
2 1 0 32
3 0 0 32
3 1 0 32
4 0 0 32
4 1 0 32
start times:
0 8 16 24
end times:
8 16 24 32
load:
1.8