12 64 1 5
patients: ID surgeon priority leader_priority duration
0 4 4
1 0 6
2 6 2
3 0 3
4 11 6
5 5 6
6 4 7
7 6 14
8 5 4
9 8 2
10 4 10
11 11 3
12 1 2
13 9 10
14 2 1
15 10 2
16 6 6
17 6 3
18 6 7
19 8 6
20 8 12
21 9 7
22 9 1
23 9 6
24 0 4
25 8 3
26 5 6
27 0 3
28 8 3
29 8 2
30 1 6
31 4 1
32 10 5
33 11 4
34 8 6
35 11 14
36 6 5
37 0 5
38 3 5
39 11 10
40 7 6
41 6 3
42 0 10
43 10 6
44 3 14
45 7 4
46 7 3
47 11 2
48 3 4
49 6 2
50 10 3
51 4 16
52 9 3
53 2 4
54 3 3
55 4 13
56 9 3
57 1 3
58 11 4
59 2 6
60 8 10
61 9 6
62 3 6
63 3 8
ORS: day OR start end
0 0 0 32
1 0 0 32
2 0 0 32
3 0 0 32
4 0 0 32
start times:
0 8 16 24
end times:
8 16 24 32
load:
2.2125