12 48 1 5
patients: ID surgeon priority leader_priority duration
0 1 3
1 9 3
2 2 10
3 3 7
4 10 2
5 0 10
6 10 6
7 0 7
8 2 3
9 9 4
10 9 6
11 5 11
12 5 3
13 11 2
14 4 16
15 1 10
16 7 10
17 8 7
18 11 5
19 3 7
20 5 6
21 8 6
22 4 4
23 4 3
24 10 6
25 1 3
26 3 4
27 1 3
28 2 6
29 7 5
30 6 14
31 5 14
32 2 24
33 0 6
34 3 16
35 6 6
36 5 7
37 6 5
38 11 2
39 5 2
40 8 6
41 6 4
42 11 8
43 6 1
44 2 10
45 1 9
46 8 5
47 9 5
ORS: day OR start end
0 0 0 32
1 0 0 32
2 0 0 32
3 0 0 32
4 0 0 32
start times:
0 8 16 24
end times:
8 16 24 32
load:
2.0125