12 109 2 5
patients: ID surgeon priority leader_priority duration
0 4 12
1 8 6
2 3 6
3 1 3
4 7 3
5 6 1
6 1 5
7 3 18
8 2 11
9 3 6
10 3 12
11 1 2
12 10 2
13 10 3
14 2 5
15 10 7
16 7 6
17 7 3
18 11 1
19 9 5
20 2 16
21 2 7
22 3 5
23 7 6
24 0 25
25 9 3
26 9 5
27 5 6
28 11 13
29 11 13
30 0 10
31 7 2
32 0 6
33 8 1
34 2 18
35 3 6
36 3 6
37 7 8
38 0 6
39 1 3
40 0 13
41 6 4
42 10 10
43 4 7
44 0 10
45 10 3
46 2 6
47 7 11
48 8 18
49 7 6
50 6 8
51 8 9
52 4 18
53 5 5
54 7 13
55 2 16
56 7 6
57 7 3
58 10 3
59 5 6
60 1 13
61 4 1
62 6 2
63 10 8
64 10 3
65 10 3
66 3 2
67 7 6
68 8 5
69 1 6
70 5 3
71 0 2
72 0 9
73 3 10
74 1 5
75 9 2
76 11 4
77 7 7
78 7 1
79 3 4
80 4 3
81 9 18
82 2 3
83 2 19
84 9 6
85 1 18
86 3 5
87 10 10
88 2 13
89 4 6
90 9 7
91 4 11
92 11 3
93 11 6
94 2 18
95 10 4
96 5 7
97 7 10
98 2 2
99 3 2
100 3 5
101 11 3
102 1 3
103 4 8
104 10 3
105 5 7
106 6 9
107 1 7
108 11 1
ORS: day OR start end
0 0 0 32
0 1 0 32
1 0 0 32
1 1 0 32
2 0 0 32
2 1 0 32
3 0 0 32
3 1 0 32
4 0 0 32
4 1 0 32
start times:
0 8 16 24
end times:
8 16 24 32
load:
2.40625