14 64 2 5
patients: ID surgeon priority leader_priority duration
0 6 5
1 7 5
2 5 3
3 7 3
4 13 9
5 11 12
6 1 7
7 13 2
8 5 11
9 11 2
10 8 12
11 5 18
12 4 2
13 2 9
14 11 6
15 9 6
16 8 11
17 3 12
18 0 4
19 3 5
20 10 5
21 5 18
22 5 3
23 12 14
24 4 2
25 8 2
26 0 5
27 12 4
28 1 4
29 5 3
30 6 12
31 6 10
32 9 5
33 9 10
34 4 18
35 12 10
36 6 6
37 10 1
38 8 3
39 4 2
40 4 4
41 13 13
42 3 14
43 0 17
44 7 13
45 7 12
46 7 2
47 5 14
48 4 5
49 6 7
50 3 1
51 7 3
52 4 11
53 13 6
54 8 5
55 13 13
56 6 1
57 12 6
58 2 14
59 7 18
60 2 12
61 2 1
62 3 3
63 6 7
ORS: day OR start end
0 0 0 32
0 1 0 32
1 0 0 32
1 1 0 32
2 0 0 32
2 1 0 32
3 0 0 32
3 1 0 32
4 0 0 32
4 1 0 32
start times:
0 8 16 24
end times:
8 16 24 32
load:
1.509375