14 48 1 5
patients: ID surgeon priority leader_priority duration
0 13 3
1 9 3
2 13 10
3 4 7
4 3 2
5 2 10
6 1 6
7 11 7
8 13 3
9 0 4
10 10 6
11 1 11
12 9 3
13 4 2
14 1 16
15 1 10
16 8 10
17 4 7
18 5 5
19 2 7
20 4 6
21 6 6
22 9 4
23 6 3
24 11 6
25 1 3
26 4 4
27 13 3
28 7 6
29 11 5
30 8 14
31 9 14
32 8 24
33 7 6
34 12 16
35 11 6
36 12 7
37 4 5
38 8 2
39 7 2
40 3 6
41 12 4
42 3 8
43 0 1
44 9 10
45 7 9
46 2 5
47 8 5
ORS: day OR start end
0 0 0 32
1 0 0 32
2 0 0 32
3 0 0 32
4 0 0 32
start times:
0 8 16 24
end times:
8 16 24 32
load:
2.0125