10 133 2 5
patients: ID surgeon priority leader_priority duration
0 8 14
1 1 3
2 3 2
3 9 6
4 1 14
5 7 6
6 8 8
7 8 7
8 8 2
9 7 12
10 7 7
11 7 11
12 6 6
13 2 6
14 0 2
15 5 1
16 3 6
17 2 3
18 4 6
19 1 6
20 8 2
21 8 3
22 6 6
23 9 11
24 5 11
25 4 1
26 7 3
27 7 6
28 0 3
29 1 3
30 7 6
31 7 13
32 8 7
33 7 2
34 2 5
35 0 17
36 1 5
37 7 9
38 0 6
39 5 4
40 8 7
41 2 6
42 6 18
43 3 7
44 3 6
45 1 3
46 4 4
47 1 3
48 7 5
49 6 11
50 0 2
51 8 6
52 5 4
53 7 2
54 8 3
55 6 5
56 7 11
57 8 10
58 1 3
59 5 2
60 7 7
61 9 14
62 1 4
63 8 1
64 8 16
65 3 7
66 8 5
67 0 6
68 8 2
69 5 1
70 0 6
71 6 4
72 1 18
73 4 3
74 8 10
75 4 4
76 3 1
77 1 3
78 3 11
79 8 6
80 9 3
81 8 3
82 2 14
83 9 11
84 1 11
85 7 9
86 4 2
87 1 1
88 5 3
89 8 11
90 1 9
91 5 7
92 5 7
93 2 6
94 8 3
95 0 6
96 0 2
97 4 6
98 6 4
99 7 4
100 0 16
101 5 4
102 9 6
103 3 9
104 7 4
105 4 4
106 9 6
107 4 5
108 5 6
109 2 11
110 8 1
111 4 8
112 2 10
113 6 3
114 1 6
115 3 3
116 7 15
117 1 7
118 9 1
119 6 18
120 8 4
121 2 4
122 7 6
123 9 4
124 4 6
125 5 5
126 3 1
127 6 6
128 8 1
129 8 9
130 9 6
131 5 5
132 8 11
ORS: day OR start end
0 0 0 32
0 1 0 32
1 0 0 32
1 1 0 32
2 0 0 32
2 1 0 32
3 0 0 32
3 1 0 32
4 0 0 32
4 1 0 32
start times:
0 8 16 24
end times:
8 16 24 32
load:
2.596875