10 53 1 5
patients: ID surgeon priority leader_priority duration
0 7 14
1 3 8
2 0 15
3 7 4
4 1 14
5 7 3
6 1 4
7 1 2
8 7 5
9 3 10
10 6 9
11 1 6
12 5 6
13 6 6
14 6 10
15 4 3
16 7 18
17 4 10
18 9 1
19 1 11
20 7 3
21 2 4
22 6 10
23 1 10
24 6 1
25 6 3
26 3 11
27 1 5
28 2 5
29 6 1
30 0 5
31 9 3
32 8 6
33 7 6
34 4 6
35 4 18
36 7 4
37 5 5
38 1 3
39 2 3
40 2 9
41 5 2
42 3 5
43 4 3
44 3 18
45 5 1
46 6 6
47 3 7
48 4 1
49 4 5
50 2 11
51 3 10
52 6 8
ORS: day OR start end
0 0 0 32
1 0 0 32
2 0 0 32
3 0 0 32
4 0 0 32
start times:
0 8 16 24
end times:
8 16 24 32
load:
2.23125