14 61 2 5
patients: ID surgeon priority leader_priority duration
0 7 5
1 6 5
2 10 5
3 6 5
4 11 6
5 2 4
6 7 6
7 11 6
8 1 4
9 0 4
10 13 11
11 10 16
12 9 4
13 1 10
14 9 3
15 8 9
16 0 3
17 2 6
18 11 5
19 12 6
20 12 4
21 10 6
22 12 6
23 11 7
24 13 2
25 10 10
26 5 4
27 4 10
28 10 3
29 8 4
30 4 7
31 11 6
32 2 27
33 10 1
34 13 5
35 12 5
36 2 2
37 4 1
38 2 5
39 0 11
40 5 11
41 6 10
42 7 6
43 13 5
44 9 13
45 6 4
46 6 5
47 8 7
48 4 3
49 10 3
50 11 5
51 6 6
52 2 8
53 3 6
54 7 1
55 6 1
56 6 20
57 12 3
58 11 2
59 4 12
60 6 1
ORS: day OR start end
0 0 0 32
0 1 0 32
1 0 0 32
1 1 0 32
2 0 0 32
2 1 0 32
3 0 0 32
3 1 0 32
4 0 0 32
4 1 0 32
start times:
0 8 16 24
end times:
8 16 24 32
load:
1.190625