12 61 1 5
patients: ID surgeon priority leader_priority duration
0 4 9
1 8 5
2 9 6
3 7 10
4 10 3
5 8 13
6 6 3
7 4 6
8 3 6
9 10 9
10 1 1
11 7 10
12 2 3
13 4 6
14 1 5
15 3 10
16 3 4
17 4 4
18 11 3
19 10 9
20 11 3
21 10 9
22 8 3
23 6 6
24 0 17
25 4 5
26 2 5
27 11 6
28 1 10
29 0 5
30 1 4
31 9 14
32 9 1
33 7 5
34 6 10
35 8 13
36 3 6
37 8 12
38 9 11
39 10 3
40 9 10
41 7 13
42 11 14
43 7 6
44 1 6
45 7 3
46 9 6
47 6 5
48 6 6
49 3 5
50 0 4
51 11 13
52 4 11
53 5 6
54 7 10
55 8 7
56 1 11
57 7 3
58 9 3
59 0 1
60 1 6
ORS: day OR start end
0 0 0 32
1 0 0 32
2 0 0 32
3 0 0 32
4 0 0 32
start times:
0 8 16 24
end times:
8 16 24 32
load:
2.6375