12 53 1 5
patients: ID surgeon priority leader_priority duration
0 3 14
1 9 8
2 6 15
3 8 4
4 10 14
5 7 3
6 8 4
7 0 2
8 5 5
9 7 10
10 4 9
11 5 6
12 3 6
13 9 6
14 3 10
15 6 3
16 6 18
17 1 10
18 11 1
19 7 11
20 10 3
21 1 4
22 3 10
23 7 10
24 4 1
25 6 3
26 9 11
27 8 5
28 6 5
29 6 1
30 5 5
31 8 3
32 9 6
33 9 6
34 3 6
35 10 18
36 10 4
37 1 5
38 4 3
39 11 3
40 8 9
41 4 2
42 1 5
43 6 3
44 8 18
45 10 1
46 2 6
47 9 7
48 2 1
49 5 5
50 3 11
51 0 10
52 7 8
ORS: day OR start end
0 0 0 32
1 0 0 32
2 0 0 32
3 0 0 32
4 0 0 32
start times:
0 8 16 24
end times:
8 16 24 32
load:
2.23125