20 93 2 5
patients: ID surgeon priority leader_priority duration
0 4 10
1 4 10
2 6 3
3 7 8
4 5 14
5 6 4
6 0 6
7 18 18
8 0 8
9 15 6
10 12 13
11 7 16
12 7 1
13 14 16
14 12 5
15 2 4
16 5 5
17 16 3
18 8 6
19 10 3
20 0 7
21 16 5
22 16 3
23 9 11
24 18 6
25 16 12
26 2 4
27 16 8
28 1 4
29 4 8
30 19 9
31 12 2
32 13 4
33 7 7
34 7 10
35 15 2
36 4 14
37 4 3
38 11 5
39 14 6
40 9 2
41 2 5
42 12 16
43 12 7
44 15 10
45 19 10
46 17 10
47 9 6
48 2 1
49 3 2
50 19 11
51 6 3
52 12 3
53 17 6
54 9 11
55 0 3
56 18 5
57 4 8
58 3 2
59 15 7
60 10 4
61 4 3
62 9 6
63 18 4
64 12 5
65 2 20
66 7 6
67 13 3
68 3 11
69 14 5
70 19 13
71 10 6
72 1 3
73 3 12
74 15 2
75 1 14
76 1 5
77 9 14
78 12 3
79 0 5
80 0 2
81 16 6
82 12 2
83 1 18
84 2 3
85 6 4
86 12 13
87 17 5
88 0 9
89 9 3
90 5 1
91 12 8
92 15 11
ORS: day OR start end
0 0 0 32
0 1 0 32
1 0 0 32
1 1 0 32
2 0 0 32
2 1 0 32
3 0 0 32
3 1 0 32
4 0 0 32
4 1 0 32
start times:
0 8 16 24
end times:
8 16 24 32
load:
2.01875