8 61 1 5
patients: ID surgeon priority leader_priority duration
0 6 9
1 7 5
2 6 6
3 3 10
4 1 3
5 7 13
6 0 3
7 2 6
8 6 6
9 7 9
10 7 1
11 1 10
12 1 3
13 0 6
14 6 5
15 4 10
16 0 4
17 1 4
18 2 3
19 3 9
20 3 3
21 1 9
22 1 3
23 0 6
24 6 17
25 4 5
26 3 5
27 6 6
28 4 10
29 5 5
30 1 4
31 5 14
32 6 1
33 3 5
34 4 10
35 3 13
36 7 6
37 2 12
38 4 11
39 7 3
40 1 10
41 5 13
42 5 14
43 6 6
44 6 6
45 4 3
46 6 6
47 7 5
48 4 6
49 3 5
50 0 4
51 2 13
52 6 11
53 4 6
54 2 10
55 2 7
56 2 11
57 2 3
58 4 3
59 5 1
60 6 6
ORS: day OR start end
0 0 0 32
1 0 0 32
2 0 0 32
3 0 0 32
4 0 0 32
start times:
0 8 16 24
end times:
8 16 24 32
load:
2.6375