12 61 1 5
patients: ID surgeon priority leader_priority duration
0 3 3
1 5 6
2 4 12
3 2 14
4 1 3
5 6 4
6 11 4
7 0 6
8 11 3
9 3 13
10 8 6
11 7 5
12 6 13
13 7 4
14 1 1
15 9 6
16 10 14
17 3 6
18 4 2
19 6 12
20 1 4
21 1 11
22 1 1
23 5 11
24 5 6
25 4 3
26 4 14
27 5 15
28 6 13
29 4 6
30 4 8
31 10 9
32 9 6
33 8 13
34 5 3
35 9 3
36 6 2
37 7 13
38 3 2
39 7 1
40 0 4
41 5 10
42 5 8
43 10 14
44 4 10
45 5 5
46 6 1
47 3 6
48 2 1
49 0 8
50 9 2
51 10 6
52 2 12
53 5 3
54 9 1
55 8 6
56 10 5
57 0 2
58 2 8
59 10 3
60 9 9
ORS: day OR start end
0 0 0 32
1 0 0 32
2 0 0 32
3 0 0 32
4 0 0 32
start times:
0 8 16 24
end times:
8 16 24 32
load:
2.53125