20 164 4 5
patients: ID surgeon priority leader_priority duration
0 2 3
1 2 2
2 18 17
3 0 6
4 13 18
5 15 18
6 6 3
7 0 2
8 2 1
9 8 3
10 3 10
11 17 3
12 2 4
13 16 7
14 18 6
15 6 14
16 11 3
17 8 12
18 4 6
19 1 6
20 10 7
21 2 4
22 19 6
23 14 1
24 12 1
25 6 4
26 12 6
27 14 7
28 9 5
29 13 7
30 10 6
31 0 4
32 1 6
33 15 4
34 14 11
35 4 4
36 9 6
37 12 10
38 4 16
39 14 12
40 15 11
41 9 5
42 16 25
43 5 5
44 11 6
45 1 3
46 16 6
47 0 3
48 19 16
49 2 3
50 10 10
51 0 3
52 7 3
53 2 2
54 18 3
55 12 2
56 8 6
57 9 4
58 19 6
59 12 10
60 0 4
61 10 7
62 9 5
63 5 6
64 15 7
65 0 6
66 2 14
67 8 3
68 10 12
69 19 6
70 13 3
71 16 6
72 0 4
73 0 3
74 12 6
75 14 2
76 19 6
77 3 10
78 14 4
79 10 18
80 13 4
81 4 3
82 11 12
83 13 7
84 16 11
85 0 7
86 12 4
87 5 18
88 5 18
89 9 4
90 15 3
91 15 6
92 3 3
93 4 10
94 17 1
95 16 1
96 14 7
97 19 10
98 11 4
99 3 8
100 17 3
101 4 7
102 9 8
103 9 9
104 1 8
105 19 6
106 16 13
107 17 3
108 5 4
109 11 4
110 10 2
111 6 5
112 3 11
113 19 3
114 9 9
115 16 4
116 19 3
117 18 3
118 11 12
119 9 6
120 0 11
121 16 3
122 12 6
123 14 2
124 19 5
125 7 6
126 15 7
127 5 8
128 18 13
129 3 2
130 5 3
131 18 5
132 5 20
133 7 3
134 2 10
135 7 3
136 3 6
137 1 14
138 18 7
139 8 3
140 13 6
141 8 16
142 11 6
143 4 7
144 6 4
145 4 8
146 16 18
147 6 2
148 16 17
149 3 3
150 17 9
151 19 7
152 11 8
153 14 13
154 13 10
155 3 15
156 15 5
157 4 4
158 17 14
159 12 6
160 5 5
161 16 19
162 17 1
163 3 10
ORS: day OR start end
0 0 0 32
0 1 0 32
0 2 0 32
0 3 0 32
1 0 0 32
1 1 0 32
1 2 0 32
1 3 0 32
2 0 0 32
2 1 0 32
2 2 0 32
2 3 0 32
3 0 0 32
3 1 0 32
3 2 0 32
3 3 0 32
4 0 0 32
4 1 0 32
4 2 0 32
4 3 0 32
start times:
0 8 16 24
end times:
8 16 24 32
load:
1.7953125