10 61 1 5
patients: ID surgeon priority leader_priority duration
0 3 9
1 9 5
2 3 6
3 6 10
4 4 3
5 0 13
6 9 3
7 4 6
8 1 6
9 0 9
10 6 1
11 3 10
12 9 3
13 8 6
14 0 5
15 2 10
16 1 4
17 1 4
18 5 3
19 3 9
20 2 3
21 4 9
22 1 3
23 2 6
24 2 17
25 9 5
26 5 5
27 1 6
28 7 10
29 6 5
30 3 4
31 0 14
32 5 1
33 7 5
34 6 10
35 8 13
36 9 6
37 9 12
38 8 11
39 3 3
40 6 10
41 3 13
42 6 14
43 7 6
44 8 6
45 8 3
46 1 6
47 8 5
48 5 6
49 1 5
50 7 4
51 1 13
52 2 11
53 9 6
54 0 10
55 0 7
56 7 11
57 6 3
58 5 3
59 0 1
60 8 6
ORS: day OR start end
0 0 0 32
1 0 0 32
2 0 0 32
3 0 0 32
4 0 0 32
start times:
0 8 16 24
end times:
8 16 24 32
load:
2.6375