14 53 1 5
patients: ID surgeon priority leader_priority duration
0 7 14
1 5 8
2 1 15
3 6 4
4 12 14
5 4 3
6 1 4
7 4 2
8 8 5
9 11 10
10 9 9
11 9 6
12 13 6
13 7 6
14 13 10
15 13 3
16 8 18
17 12 10
18 5 1
19 13 11
20 5 3
21 3 4
22 12 10
23 9 10
24 9 1
25 7 3
26 6 11
27 6 5
28 8 5
29 11 1
30 1 5
31 4 3
32 2 6
33 12 6
34 10 6
35 4 18
36 5 4
37 13 5
38 12 3
39 2 3
40 12 9
41 2 2
42 9 5
43 1 3
44 5 18
45 3 1
46 1 6
47 5 7
48 6 1
49 4 5
50 7 11
51 7 10
52 3 8
ORS: day OR start end
0 0 0 32
1 0 0 32
2 0 0 32
3 0 0 32
4 0 0 32
start times:
0 8 16 24
end times:
8 16 24 32
load:
2.23125