14 61 1 5
patients: ID surgeon priority leader_priority duration
0 1 9
1 0 5
2 5 6
3 0 10
4 12 3
5 0 13
6 11 3
7 6 6
8 0 6
9 0 9
10 7 1
11 10 10
12 2 3
13 9 6
14 7 5
15 4 10
16 7 4
17 10 4
18 2 3
19 0 9
20 1 3
21 5 9
22 1 3
23 10 6
24 12 17
25 9 5
26 13 5
27 13 6
28 9 10
29 2 5
30 0 4
31 4 14
32 5 1
33 3 5
34 4 10
35 8 13
36 0 6
37 3 12
38 5 11
39 8 3
40 2 10
41 9 13
42 0 14
43 2 6
44 1 6
45 4 3
46 3 6
47 8 5
48 8 6
49 0 5
50 3 4
51 11 13
52 12 11
53 0 6
54 11 10
55 7 7
56 11 11
57 2 3
58 0 3
59 3 1
60 3 6
ORS: day OR start end
0 0 0 32
1 0 0 32
2 0 0 32
3 0 0 32
4 0 0 32
start times:
0 8 16 24
end times:
8 16 24 32
load:
2.6375