14 65 2 5
patients: ID surgeon priority leader_priority duration
0 0 7
1 8 21
2 8 10
3 5 4
4 1 13
5 1 7
6 3 6
7 11 6
8 1 5
9 8 6
10 13 8
11 8 6
12 7 6
13 1 3
14 3 1
15 10 5
16 7 6
17 10 6
18 5 14
19 6 16
20 0 5
21 3 1
22 11 5
23 10 10
24 4 11
25 3 10
26 5 18
27 2 16
28 10 3
29 5 12
30 3 3
31 7 16
32 6 12
33 13 3
34 8 2
35 5 5
36 9 14
37 3 6
38 7 6
39 13 6
40 0 17
41 12 2
42 8 7
43 6 10
44 10 5
45 0 11
46 2 6
47 5 1
48 3 6
49 12 3
50 8 6
51 4 2
52 4 8
53 13 4
54 8 14
55 0 5
56 13 18
57 9 3
58 5 7
59 9 4
60 2 2
61 10 6
62 7 4
63 0 3
64 0 6
ORS: day OR start end
0 0 0 32
0 1 0 32
1 0 0 32
1 1 0 32
2 0 0 32
2 1 0 32
3 0 0 32
3 1 0 32
4 0 0 32
4 1 0 32
start times:
0 8 16 24
end times:
8 16 24 32
load:
1.5