20 192 4 5
patients: ID surgeon priority leader_priority duration
0 5 8
1 2 14
2 8 17
3 8 1
4 3 5
5 18 18
6 10 3
7 9 7
8 15 2
9 3 11
10 7 4
11 8 3
12 14 4
13 1 5
14 17 25
15 3 18
16 6 5
17 14 13
18 1 5
19 18 4
20 14 4
21 3 13
22 1 5
23 4 3
24 17 1
25 18 14
26 16 18
27 2 13
28 18 1
29 8 1
30 7 6
31 18 1
32 3 6
33 17 3
34 18 6
35 2 2
36 17 5
37 10 11
38 19 13
39 16 3
40 1 13
41 11 14
42 18 2
43 4 4
44 15 9
45 4 11
46 0 10
47 17 10
48 6 1
49 5 7
50 1 6
51 17 6
52 6 16
53 15 4
54 13 5
55 9 6
56 17 1
57 11 5
58 17 6
59 14 6
60 10 5
61 1 10
62 6 16
63 13 6
64 3 18
65 13 4
66 0 6
67 8 6
68 10 6
69 6 5
70 13 7
71 0 13
72 5 7
73 5 4
74 12 6
75 11 3
76 12 2
77 1 3
78 18 6
79 2 10
80 6 3
81 6 7
82 10 5
83 3 14
84 11 4
85 5 2
86 3 2
87 14 6
88 14 3
89 10 4
90 3 10
91 5 11
92 18 2
93 4 10
94 8 10
95 19 6
96 6 4
97 5 4
98 14 18
99 7 1
100 14 2
101 4 6
102 2 3
103 4 2
104 15 7
105 8 5
106 0 1
107 7 3
108 10 1
109 16 3
110 14 4
111 4 7
112 10 1
113 2 3
114 2 12
115 16 1
116 2 3
117 18 1
118 19 6
119 9 10
120 4 1
121 5 5
122 7 10
123 10 6
124 9 5
125 15 6
126 2 3
127 19 7
128 11 6
129 9 6
130 9 6
131 19 11
132 15 10
133 8 17
134 17 10
135 3 5
136 13 7
137 3 3
138 9 1
139 14 10
140 8 6
141 7 7
142 8 18
143 4 3
144 8 9
145 11 5
146 15 18
147 19 6
148 9 6
149 15 9
150 13 3
151 17 3
152 10 6
153 7 7
154 5 8
155 9 4
156 15 2
157 8 7
158 18 18
159 0 6
160 18 3
161 17 6
162 2 3
163 17 10
164 5 5
165 8 13
166 2 8
167 12 6
168 11 17
169 9 1
170 14 1
171 8 10
172 0 7
173 12 14
174 10 5
175 2 6
176 15 1
177 9 6
178 13 18
179 2 4
180 6 4
181 4 2
182 15 5
183 5 3
184 16 3
185 14 9
186 16 3
187 1 6
188 16 4
189 13 6
190 6 2
191 8 11
ORS: day OR start end
0 0 0 32
0 1 0 32
0 2 0 32
0 3 0 32
1 0 0 32
1 1 0 32
1 2 0 32
1 3 0 32
2 0 0 32
2 1 0 32
2 2 0 32
2 3 0 32
3 0 0 32
3 1 0 32
3 2 0 32
3 3 0 32
4 0 0 32
4 1 0 32
4 2 0 32
4 3 0 32
start times:
0 8 16 24
end times:
8 16 24 32
load:
2.0015625