12 120 2 5
patients: ID surgeon priority leader_priority duration
0 5 2
1 3 7
2 1 4
3 6 5
4 3 4
5 6 6
6 4 2
7 5 1
8 9 1
9 11 3
10 1 12
11 5 14
12 2 10
13 7 4
14 4 9
15 1 6
16 6 1
17 11 3
18 5 10
19 5 13
20 0 6
21 7 4
22 2 2
23 1 5
24 3 12
25 3 1
26 7 1
27 5 10
28 9 10
29 3 11
30 11 18
31 11 6
32 11 8
33 8 2
34 3 4
35 5 10
36 4 6
37 11 11
38 7 4
39 4 1
40 2 10
41 8 9
42 4 14
43 7 11
44 3 1
45 11 3
46 8 1
47 0 10
48 3 11
49 9 6
50 10 1
51 8 2
52 0 1
53 3 2
54 11 8
55 11 8
56 7 5
57 0 1
58 5 3
59 8 3
60 10 3
61 5 11
62 10 2
63 4 3
64 9 10
65 4 5
66 11 4
67 5 3
68 8 2
69 5 18
70 0 1
71 7 3
72 6 6
73 4 2
74 9 4
75 4 4
76 10 10
77 6 6
78 0 12
79 5 1
80 9 13
81 1 6
82 1 4
83 3 8
84 11 3
85 2 2
86 8 4
87 5 6
88 4 12
89 9 6
90 0 1
91 1 6
92 6 6
93 8 1
94 7 10
95 10 4
96 11 7
97 7 13
98 6 10
99 11 5
100 9 1
101 1 18
102 2 6
103 10 1
104 7 3
105 3 6
106 9 5
107 7 15
108 6 12
109 9 8
110 11 16
111 7 8
112 6 5
113 4 18
114 4 9
115 9 3
116 1 10
117 2 10
118 1 8
119 2 12
ORS: day OR start end
0 0 0 32
0 1 0 32
1 0 0 32
1 1 0 32
2 0 0 32
2 1 0 32
3 0 0 32
3 1 0 32
4 0 0 32
4 1 0 32
start times:
0 8 16 24
end times:
8 16 24 32
load:
2.40625