12 65 1 5
patients: ID surgeon priority leader_priority duration
0 3 4
1 1 3
2 10 2
3 0 8
4 4 1
5 3 5
6 5 3
7 7 3
8 5 6
9 11 18
10 6 6
11 6 9
12 1 4
13 7 6
14 3 3
15 3 2
16 3 3
17 10 6
18 6 3
19 1 10
20 8 2
21 3 5
22 4 3
23 3 6
24 1 2
25 4 12
26 5 1
27 4 13
28 0 18
29 0 7
30 6 4
31 9 6
32 10 6
33 0 8
34 10 2
35 0 6
36 7 6
37 7 6
38 6 6
39 3 3
40 5 3
41 11 2
42 2 11
43 10 2
44 9 5
45 4 1
46 3 6
47 5 2
48 11 25
49 7 8
50 6 6
51 11 11
52 7 1
53 11 10
54 6 18
55 3 2
56 9 6
57 2 13
58 9 11
59 7 3
60 10 11
61 6 3
62 9 3
63 8 6
64 6 3
ORS: day OR start end
0 0 0 32
1 0 0 32
2 0 0 32
3 0 0 32
4 0 0 32
start times:
0 8 16 24
end times:
8 16 24 32
load:
2.49375