8 48 1 5
patients: ID surgeon priority leader_priority duration
0 4 6
1 3 5
2 2 6
3 5 7
4 1 6
5 2 3
6 6 3
7 3 11
8 0 10
9 6 10
10 3 3
11 1 6
12 2 3
13 0 6
14 1 6
15 2 6
16 7 6
17 7 29
18 0 8
19 4 8
20 3 6
21 0 5
22 4 6
23 1 5
24 0 6
25 0 3
26 5 9
27 4 3
28 0 5
29 4 4
30 0 5
31 5 4
32 3 10
33 2 6
34 7 3
35 4 4
36 5 3
37 1 15
38 7 2
39 2 6
40 6 18
41 3 3
42 3 5
43 0 9
44 5 7
45 6 3
46 3 18
47 2 4
ORS: day OR start end
0 0 0 32
1 0 0 32
2 0 0 32
3 0 0 32
4 0 0 32
start times:
0 8 16 24
end times:
8 16 24 32
load:
2.03125