10 62 1 5
patients: ID surgeon priority leader_priority duration
0 9 16
1 4 6
2 8 4
3 1 6
4 2 16
5 9 5
6 5 2
7 4 16
8 1 7
9 2 2
10 2 8
11 0 3
12 9 5
13 6 7
14 3 12
15 1 5
16 6 4
17 7 3
18 1 1
19 0 1
20 9 6
21 6 2
22 6 3
23 5 3
24 9 3
25 5 3
26 6 10
27 7 3
28 2 11
29 0 3
30 2 8
31 4 4
32 9 16
33 4 1
34 7 9
35 5 10
36 2 6
37 3 16
38 9 2
39 4 6
40 6 13
41 7 13
42 1 10
43 1 2
44 1 5
45 4 15
46 7 6
47 0 2
48 1 6
49 7 6
50 1 10
51 1 2
52 1 6
53 6 4
54 7 6
55 0 1
56 0 3
57 2 3
58 5 3
59 7 3
60 0 8
61 8 6
ORS: day OR start end
0 0 0 32
1 0 0 32
2 0 0 32
3 0 0 32
4 0 0 32
start times:
0 8 16 24
end times:
8 16 24 32
load:
2.41875