14 87 2 5
patients: ID surgeon priority leader_priority duration
0 9 13
1 1 16
2 0 2
3 4 3
4 7 1
5 5 1
6 4 3
7 4 9
8 3 2
9 7 11
10 7 3
11 5 5
12 11 7
13 3 18
14 9 5
15 8 6
16 5 5
17 12 3
18 1 4
19 2 1
20 1 7
21 4 8
22 3 10
23 11 6
24 9 6
25 0 11
26 0 5
27 0 1
28 2 4
29 7 3
30 4 17
31 7 4
32 8 2
33 4 9
34 1 5
35 5 6
36 3 1
37 8 18
38 2 4
39 3 6
40 6 7
41 7 13
42 11 1
43 11 6
44 10 1
45 4 6
46 7 3
47 6 10
48 5 5
49 10 3
50 11 7
51 7 4
52 8 2
53 4 11
54 0 4
55 9 10
56 11 3
57 10 11
58 4 8
59 13 6
60 7 3
61 8 17
62 12 18
63 11 4
64 12 12
65 9 10
66 12 6
67 12 5
68 13 1
69 12 5
70 13 20
71 13 3
72 4 5
73 2 6
74 9 5
75 0 18
76 1 6
77 8 5
78 1 7
79 0 3
80 12 5
81 6 17
82 5 6
83 13 10
84 4 3
85 10 3
86 5 2
ORS: day OR start end
0 0 0 32
0 1 0 32
1 0 0 32
1 1 0 32
2 0 0 32
2 1 0 32
3 0 0 32
3 1 0 32
4 0 0 32
4 1 0 32
start times:
0 8 16 24
end times:
8 16 24 32
load:
1.803125