14 55 1 5
patients: ID surgeon priority leader_priority duration
0 13 4
1 6 6
2 7 5
3 0 3
4 4 2
5 2 4
6 4 1
7 11 6
8 11 1
9 13 11
10 2 11
11 1 6
12 8 14
13 3 18
14 0 10
15 3 3
16 7 10
17 12 10
18 4 3
19 6 3
20 8 11
21 4 2
22 13 8
23 0 6
24 0 6
25 4 11
26 2 9
27 4 6
28 6 14
29 7 10
30 2 2
31 2 15
32 0 6
33 13 4
34 7 5
35 6 3
36 10 6
37 9 5
38 4 16
39 0 4
40 8 3
41 8 2
42 12 4
43 13 4
44 4 4
45 8 1
46 0 12
47 2 3
48 1 6
49 0 3
50 9 6
51 2 8
52 7 12
53 7 2
54 4 4
ORS: day OR start end
0 0 0 32
1 0 0 32
2 0 0 32
3 0 0 32
4 0 0 32
start times:
0 8 16 24
end times:
8 16 24 32
load:
2.2125