12 44 1 5
patients: ID surgeon priority leader_priority duration
0 9 4
1 1 7
2 4 6
3 4 6
4 2 5
5 9 10
6 11 15
7 6 12
8 8 6
9 1 14
10 5 1
11 7 3
12 8 2
13 6 14
14 5 6
15 2 4
16 1 6
17 3 3
18 0 4
19 9 8
20 3 18
21 7 8
22 2 6
23 2 5
24 5 5
25 8 18
26 0 2
27 5 2
28 8 18
29 4 11
30 5 9
31 7 6
32 5 3
33 7 3
34 3 6
35 1 10
36 6 14
37 6 5
38 0 12
39 2 6
40 1 1
41 11 15
42 2 1
43 0 3
ORS: day OR start end
0 0 0 32
1 0 0 32
2 0 0 32
3 0 0 32
4 0 0 32
start times:
0 8 16 24
end times:
8 16 24 32
load:
2.01875