14 62 1 5
patients: ID surgeon priority leader_priority duration
0 3 16
1 2 6
2 3 4
3 4 6
4 12 16
5 4 5
6 1 2
7 2 16
8 5 7
9 1 2
10 7 8
11 8 3
12 12 5
13 7 7
14 4 12
15 11 5
16 5 4
17 5 3
18 1 1
19 1 1
20 13 6
21 0 2
22 4 3
23 11 3
24 7 3
25 5 3
26 11 10
27 11 3
28 3 11
29 2 3
30 4 8
31 2 4
32 12 16
33 1 1
34 8 9
35 1 10
36 12 6
37 2 16
38 12 2
39 6 6
40 2 13
41 2 13
42 11 10
43 9 2
44 7 5
45 12 15
46 4 6
47 5 2
48 5 6
49 8 6
50 5 10
51 13 2
52 8 6
53 6 4
54 1 6
55 12 1
56 1 3
57 7 3
58 7 3
59 2 3
60 2 8
61 4 6
ORS: day OR start end
0 0 0 32
1 0 0 32
2 0 0 32
3 0 0 32
4 0 0 32
start times:
0 8 16 24
end times:
8 16 24 32
load:
2.41875