14 44 1 5
patients: ID surgeon priority leader_priority duration
0 0 4
1 3 7
2 12 6
3 12 6
4 1 5
5 0 10
6 10 15
7 9 12
8 7 6
9 5 14
10 8 1
11 6 3
12 1 2
13 7 14
14 11 6
15 6 4
16 4 6
17 0 3
18 9 4
19 3 8
20 9 18
21 8 8
22 8 6
23 1 5
24 12 5
25 9 18
26 10 2
27 12 2
28 0 18
29 0 11
30 4 9
31 5 6
32 6 3
33 4 3
34 11 6
35 6 10
36 6 14
37 12 5
38 2 12
39 8 6
40 13 1
41 2 15
42 5 1
43 7 3
ORS: day OR start end
0 0 0 32
1 0 0 32
2 0 0 32
3 0 0 32
4 0 0 32
start times:
0 8 16 24
end times:
8 16 24 32
load:
2.01875