12 55 1 5
patients: ID surgeon priority leader_priority duration
0 9 4
1 11 6
2 7 5
3 8 3
4 2 2
5 5 4
6 7 1
7 5 6
8 1 1
9 8 11
10 9 11
11 10 6
12 4 14
13 11 18
14 6 10
15 9 3
16 5 10
17 4 10
18 4 3
19 11 3
20 10 11
21 11 2
22 11 8
23 6 6
24 6 6
25 9 11
26 11 9
27 0 6
28 1 14
29 6 10
30 3 2
31 7 15
32 1 6
33 10 4
34 0 5
35 5 3
36 9 6
37 3 5
38 3 16
39 2 4
40 1 3
41 6 2
42 3 4
43 8 4
44 6 4
45 8 1
46 5 12
47 6 3
48 0 6
49 4 3
50 4 6
51 10 8
52 1 12
53 8 2
54 10 4
ORS: day OR start end
0 0 0 32
1 0 0 32
2 0 0 32
3 0 0 32
4 0 0 32
start times:
0 8 16 24
end times:
8 16 24 32
load:
2.2125