12 62 1 5
patients: ID surgeon priority leader_priority duration
0 0 16
1 1 6
2 4 4
3 0 6
4 0 16
5 8 5
6 0 2
7 0 16
8 0 7
9 10 2
10 6 8
11 9 3
12 11 5
13 10 7
14 4 12
15 2 5
16 2 4
17 2 3
18 11 1
19 2 1
20 9 6
21 5 2
22 2 3
23 7 3
24 5 3
25 1 3
26 11 10
27 2 3
28 5 11
29 9 3
30 10 8
31 10 4
32 4 16
33 10 1
34 8 9
35 7 10
36 3 6
37 0 16
38 5 2
39 8 6
40 8 13
41 4 13
42 0 10
43 0 2
44 3 5
45 9 15
46 11 6
47 5 2
48 9 6
49 5 6
50 2 10
51 3 2
52 9 6
53 3 4
54 7 6
55 7 1
56 3 3
57 6 3
58 5 3
59 7 3
60 10 8
61 5 6
ORS: day OR start end
0 0 0 32
1 0 0 32
2 0 0 32
3 0 0 32
4 0 0 32
start times:
0 8 16 24
end times:
8 16 24 32
load:
2.41875