20 175 4 5
patients: ID surgeon priority leader_priority duration
0 15 6
1 14 7
2 18 5
3 1 3
4 9 3
5 19 5
6 19 6
7 13 17
8 7 5
9 17 2
10 3 6
11 4 13
12 11 1
13 15 13
14 5 3
15 16 4
16 13 2
17 11 6
18 5 5
19 8 13
20 11 10
21 8 2
22 14 6
23 11 1
24 17 14
25 4 4
26 4 1
27 5 4
28 5 16
29 16 10
30 4 5
31 16 14
32 9 1
33 7 5
34 3 12
35 10 2
36 7 13
37 8 8
38 16 6
39 11 13
40 4 9
41 7 2
42 5 10
43 3 3
44 14 4
45 19 5
46 8 11
47 4 30
48 12 4
49 4 6
50 18 5
51 10 1
52 13 7
53 12 7
54 1 7
55 17 27
56 13 3
57 9 18
58 7 15
59 15 3
60 17 15
61 17 10
62 0 5
63 9 4
64 7 2
65 16 11
66 5 4
67 4 9
68 1 2
69 10 6
70 6 7
71 4 5
72 10 6
73 15 4
74 16 11
75 8 13
76 18 6
77 15 11
78 9 7
79 4 1
80 8 7
81 4 7
82 0 7
83 9 3
84 7 9
85 1 10
86 5 6
87 12 4
88 10 9
89 7 4
90 17 3
91 13 6
92 15 10
93 8 3
94 17 7
95 18 8
96 19 6
97 15 10
98 17 5
99 16 10
100 16 14
101 1 5
102 14 2
103 6 8
104 19 4
105 8 6
106 2 1
107 6 4
108 10 3
109 17 1
110 19 10
111 13 4
112 14 5
113 17 16
114 0 1
115 14 8
116 10 3
117 13 5
118 10 7
119 12 4
120 13 5
121 15 4
122 10 11
123 6 3
124 14 10
125 6 7
126 3 3
127 2 1
128 17 3
129 5 4
130 0 6
131 8 4
132 1 2
133 5 4
134 14 3
135 5 18
136 4 10
137 14 3
138 18 4
139 9 2
140 8 6
141 6 6
142 12 1
143 18 3
144 4 12
145 16 4
146 8 6
147 8 2
148 8 9
149 18 12
150 1 13
151 7 1
152 16 1
153 9 4
154 17 3
155 3 1
156 13 3
157 16 4
158 3 9
159 4 5
160 19 10
161 1 15
162 6 4
163 12 18
164 19 1
165 3 13
166 8 2
167 12 2
168 3 4
169 5 2
170 16 5
171 14 4
172 7 18
173 17 4
174 2 10
ORS: day OR start end
0 0 0 32
0 1 0 32
0 2 0 32
0 3 0 32
1 0 0 32
1 1 0 32
1 2 0 32
1 3 0 32
2 0 0 32
2 1 0 32
2 2 0 32
2 3 0 32
3 0 0 32
3 1 0 32
3 2 0 32
3 3 0 32
4 0 0 32
4 1 0 32
4 2 0 32
4 3 0 32
start times:
0 8 16 24
end times:
8 16 24 32
load:
1.8078125