10 55 1 5
patients: ID surgeon priority leader_priority duration
0 5 4
1 6 6
2 8 5
3 4 3
4 9 2
5 5 4
6 0 1
7 3 6
8 8 1
9 1 11
10 2 11
11 5 6
12 9 14
13 9 18
14 7 10
15 8 3
16 5 10
17 6 10
18 5 3
19 3 3
20 3 11
21 6 2
22 9 8
23 5 6
24 3 6
25 7 11
26 6 9
27 2 6
28 1 14
29 7 10
30 0 2
31 3 15
32 2 6
33 8 4
34 8 5
35 3 3
36 3 6
37 9 5
38 2 16
39 3 4
40 5 3
41 1 2
42 9 4
43 5 4
44 0 4
45 2 1
46 6 12
47 6 3
48 4 6
49 9 3
50 2 6
51 7 8
52 4 12
53 4 2
54 1 4
ORS: day OR start end
0 0 0 32
1 0 0 32
2 0 0 32
3 0 0 32
4 0 0 32
start times:
0 8 16 24
end times:
8 16 24 32
load:
2.2125