10 120 2 5
patients: ID surgeon priority leader_priority duration
0 3 2
1 0 7
2 1 4
3 8 5
4 6 4
5 9 6
6 7 2
7 1 1
8 8 1
9 8 3
10 8 12
11 1 14
12 9 10
13 7 4
14 0 9
15 2 6
16 0 1
17 9 3
18 2 10
19 3 13
20 2 6
21 9 4
22 9 2
23 4 5
24 9 12
25 6 1
26 4 1
27 3 10
28 2 10
29 4 11
30 8 18
31 8 6
32 2 8
33 7 2
34 5 4
35 1 10
36 6 6
37 6 11
38 3 4
39 2 1
40 3 10
41 4 9
42 5 14
43 2 11
44 4 1
45 5 3
46 9 1
47 9 10
48 3 11
49 3 6
50 1 1
51 9 2
52 5 1
53 0 2
54 5 8
55 6 8
56 2 5
57 8 1
58 0 3
59 7 3
60 2 3
61 5 11
62 8 2
63 7 3
64 5 10
65 6 5
66 8 4
67 4 3
68 9 2
69 9 18
70 7 1
71 8 3
72 1 6
73 1 2
74 8 4
75 4 4
76 2 10
77 8 6
78 7 12
79 3 1
80 0 13
81 9 6
82 6 4
83 5 8
84 7 3
85 6 2
86 9 4
87 8 6
88 2 12
89 1 6
90 6 1
91 9 6
92 3 6
93 5 1
94 0 10
95 4 4
96 3 7
97 0 13
98 6 10
99 2 5
100 0 1
101 4 18
102 8 6
103 1 1
104 6 3
105 2 6
106 0 5
107 5 15
108 3 12
109 6 8
110 0 16
111 8 8
112 5 5
113 7 18
114 1 9
115 2 3
116 7 10
117 1 10
118 0 8
119 9 12
ORS: day OR start end
0 0 0 32
0 1 0 32
1 0 0 32
1 1 0 32
2 0 0 32
2 1 0 32
3 0 0 32
3 1 0 32
4 0 0 32
4 1 0 32
start times:
0 8 16 24
end times:
8 16 24 32
load:
2.40625