10 44 1 5
patients: ID surgeon priority leader_priority duration
0 3 4
1 4 7
2 6 6
3 0 6
4 9 5
5 7 10
6 0 15
7 6 12
8 6 6
9 4 14
10 5 1
11 9 3
12 1 2
13 2 14
14 0 6
15 0 4
16 7 6
17 0 3
18 9 4
19 6 8
20 5 18
21 3 8
22 0 6
23 3 5
24 7 5
25 7 18
26 3 2
27 5 2
28 8 18
29 8 11
30 5 9
31 2 6
32 0 3
33 6 3
34 6 6
35 7 10
36 7 14
37 1 5
38 4 12
39 7 6
40 7 1
41 3 15
42 4 1
43 4 3
ORS: day OR start end
0 0 0 32
1 0 0 32
2 0 0 32
3 0 0 32
4 0 0 32
start times:
0 8 16 24
end times:
8 16 24 32
load:
2.01875