14 59 1 5
patients: ID surgeon priority leader_priority duration
0 2 8
1 6 6
2 0 6
3 3 4
4 6 6
5 7 12
6 6 6
7 7 4
8 3 3
9 8 5
10 9 6
11 11 7
12 1 4
13 11 10
14 5 3
15 12 8
16 0 3
17 12 12
18 9 4
19 5 11
20 3 6
21 11 1
22 0 2
23 0 8
24 7 3
25 6 11
26 11 7
27 3 5
28 2 2
29 4 2
30 11 11
31 6 2
32 1 5
33 10 3
34 11 12
35 10 18
36 8 6
37 4 3
38 4 2
39 8 11
40 13 4
41 4 6
42 3 16
43 2 3
44 1 11
45 2 18
46 7 4
47 11 9
48 11 4
49 9 14
50 10 7
51 13 6
52 1 7
53 10 2
54 13 6
55 11 3
56 7 9
57 0 3
58 8 3
ORS: day OR start end
0 0 0 32
1 0 0 32
2 0 0 32
3 0 0 32
4 0 0 32
start times:
0 8 16 24
end times:
8 16 24 32
load:
2.39375