14 73 2 5
patients: ID surgeon priority leader_priority duration
0 11 1
1 4 10
2 9 6
3 9 9
4 1 3
5 10 3
6 1 13
7 3 6
8 2 4
9 1 6
10 2 3
11 4 10
12 13 16
13 1 9
14 10 5
15 2 7
16 13 4
17 10 4
18 3 7
19 3 6
20 5 11
21 7 9
22 5 2
23 4 5
24 3 3
25 8 4
26 2 1
27 9 4
28 0 4
29 7 6
30 10 17
31 8 11
32 2 8
33 10 10
34 0 8
35 1 2
36 9 3
37 13 4
38 7 4
39 10 2
40 10 6
41 10 6
42 0 10
43 3 4
44 0 10
45 7 4
46 7 16
47 4 5
48 0 6
49 0 8
50 2 7
51 7 6
52 3 5
53 2 4
54 2 1
55 12 24
56 0 7
57 5 3
58 13 11
59 4 5
60 3 6
61 1 5
62 4 6
63 10 7
64 5 3
65 3 4
66 2 12
67 7 9
68 7 11
69 13 10
70 10 3
71 1 7
72 7 1
ORS: day OR start end
0 0 0 32
0 1 0 32
1 0 0 32
1 1 0 32
2 0 0 32
2 1 0 32
3 0 0 32
3 1 0 32
4 0 0 32
4 1 0 32
start times:
0 8 16 24
end times:
8 16 24 32
load:
1.50625