12 70 1 5
patients: ID surgeon priority leader_priority duration
0 3 3
1 5 14
2 5 1
3 4 3
4 7 16
5 1 5
6 7 4
7 0 4
8 2 8
9 11 18
10 3 3
11 2 11
12 2 6
13 11 9
14 3 1
15 9 3
16 3 5
17 1 4
18 11 10
19 0 6
20 6 3
21 1 7
22 10 10
23 10 3
24 2 3
25 3 7
26 4 6
27 10 3
28 6 4
29 8 6
30 4 6
31 11 3
32 8 6
33 10 3
34 1 14
35 9 7
36 9 3
37 8 7
38 8 14
39 4 16
40 6 4
41 2 6
42 9 3
43 0 6
44 0 2
45 2 4
46 7 5
47 7 4
48 11 3
49 3 9
50 7 2
51 4 3
52 9 6
53 2 6
54 7 4
55 5 3
56 3 10
57 5 5
58 0 2
59 3 3
60 0 2
61 3 18
62 7 14
63 3 3
64 11 2
65 0 2
66 6 6
67 5 2
68 1 10
69 0 11
ORS: day OR start end
0 0 0 32
1 0 0 32
2 0 0 32
3 0 0 32
4 0 0 32
start times:
0 8 16 24
end times:
8 16 24 32
load:
2.65625