14 87 2 5
patients: ID surgeon priority leader_priority duration
0 11 6
1 3 13
2 6 1
3 4 5
4 2 6
5 2 7
6 4 9
7 6 5
8 12 5
9 12 4
10 11 4
11 2 1
12 5 7
13 8 15
14 6 5
15 8 5
16 7 18
17 2 5
18 4 17
19 11 11
20 5 5
21 6 4
22 7 10
23 5 1
24 5 7
25 11 4
26 9 7
27 10 6
28 10 6
29 6 5
30 11 7
31 8 10
32 13 7
33 3 8
34 2 2
35 0 9
36 2 6
37 7 10
38 4 1
39 4 6
40 5 4
41 5 6
42 6 4
43 4 3
44 1 10
45 8 18
46 12 7
47 13 4
48 4 7
49 13 2
50 12 18
51 6 2
52 7 7
53 2 10
54 10 2
55 11 11
56 10 16
57 5 4
58 0 4
59 11 6
60 12 7
61 0 6
62 11 9
63 4 1
64 6 1
65 5 8
66 10 10
67 4 3
68 1 3
69 9 18
70 3 5
71 13 15
72 7 1
73 8 5
74 13 6
75 8 3
76 6 10
77 3 3
78 12 3
79 11 7
80 4 8
81 0 5
82 5 3
83 5 3
84 0 17
85 11 1
86 7 1
ORS: day OR start end
0 0 0 32
0 1 0 32
1 0 0 32
1 1 0 32
2 0 0 32
2 1 0 32
3 0 0 32
3 1 0 32
4 0 0 32
4 1 0 32
start times:
0 8 16 24
end times:
8 16 24 32
load:
1.803125