12 94 2 5
patients: ID surgeon priority leader_priority duration
0 6 13
1 0 6
2 3 3
3 10 3
4 5 4
5 0 5
6 11 4
7 2 18
8 9 6
9 1 4
10 7 11
11 4 16
12 3 1
13 8 13
14 8 1
15 9 4
16 1 4
17 4 3
18 2 4
19 8 3
20 10 5
21 4 1
22 4 5
23 4 4
24 5 13
25 5 15
26 3 3
27 10 9
28 9 3
29 5 2
30 7 4
31 11 8
32 1 14
33 1 1
34 5 18
35 3 2
36 10 10
37 6 6
38 2 4
39 6 4
40 4 7
41 9 5
42 5 13
43 5 6
44 9 18
45 10 7
46 7 7
47 2 10
48 4 3
49 5 10
50 7 24
51 6 2
52 1 6
53 3 5
54 0 2
55 5 7
56 3 8
57 3 6
58 7 8
59 5 1
60 5 7
61 9 6
62 5 7
63 2 2
64 9 8
65 3 7
66 6 3
67 11 4
68 2 6
69 9 10
70 4 6
71 0 3
72 9 11
73 4 2
74 10 4
75 6 15
76 10 7
77 3 11
78 7 3
79 6 10
80 0 6
81 6 2
82 5 9
83 7 9
84 3 6
85 8 4
86 7 3
87 10 6
88 3 18
89 3 3
90 1 3
91 3 17
92 2 6
93 0 2
ORS: day OR start end
0 0 0 32
0 1 0 32
1 0 0 32
1 1 0 32
2 0 0 32
2 1 0 32
3 0 0 32
3 1 0 32
4 0 0 32
4 1 0 32
start times:
0 8 16 24
end times:
8 16 24 32
load:
1.99375