10 94 2 5
patients: ID surgeon priority leader_priority duration
0 0 13
1 4 6
2 5 3
3 1 3
4 8 4
5 4 5
6 3 4
7 5 18
8 4 6
9 4 4
10 9 11
11 5 16
12 1 1
13 5 13
14 1 1
15 8 4
16 4 4
17 6 3
18 8 4
19 2 3
20 8 5
21 1 1
22 4 5
23 4 4
24 9 13
25 3 15
26 0 3
27 4 9
28 3 3
29 3 2
30 0 4
31 1 8
32 1 14
33 7 1
34 3 18
35 8 2
36 0 10
37 7 6
38 0 4
39 5 4
40 5 7
41 5 5
42 5 13
43 2 6
44 0 18
45 5 7
46 2 7
47 9 10
48 7 3
49 3 10
50 3 24
51 0 2
52 4 6
53 2 5
54 7 2
55 9 7
56 2 8
57 2 6
58 2 8
59 4 1
60 4 7
61 9 6
62 2 7
63 5 2
64 2 8
65 7 7
66 0 3
67 3 4
68 5 6
69 6 10
70 4 6
71 6 3
72 7 11
73 9 2
74 9 4
75 5 15
76 0 7
77 1 11
78 3 3
79 6 10
80 5 6
81 1 2
82 5 9
83 7 9
84 0 6
85 0 4
86 8 3
87 0 6
88 5 18
89 1 3
90 6 3
91 4 17
92 5 6
93 6 2
ORS: day OR start end
0 0 0 32
0 1 0 32
1 0 0 32
1 1 0 32
2 0 0 32
2 1 0 32
3 0 0 32
3 1 0 32
4 0 0 32
4 1 0 32
start times:
0 8 16 24
end times:
8 16 24 32
load:
1.99375