12 54 1 5
patients: ID surgeon priority leader_priority duration
0 11 3
1 7 3
2 9 5
3 8 1
4 2 12
5 5 2
6 9 7
7 5 5
8 9 3
9 9 11
10 8 8
11 4 2
12 11 14
13 9 4
14 1 11
15 10 3
16 0 13
17 0 5
18 0 9
19 2 6
20 11 3
21 0 6
22 1 9
23 7 3
24 11 3
25 4 6
26 11 11
27 11 6
28 6 5
29 7 3
30 9 7
31 8 5
32 5 6
33 0 11
34 3 6
35 2 6
36 0 17
37 3 7
38 4 6
39 3 6
40 1 1
41 5 6
42 0 13
43 2 11
44 10 2
45 9 4
46 5 8
47 10 4
48 5 1
49 10 14
50 9 17
51 5 11
52 5 2
53 10 3
ORS: day OR start end
0 0 0 32
1 0 0 32
2 0 0 32
3 0 0 32
4 0 0 32
start times:
0 8 16 24
end times:
8 16 24 32
load:
2.225