14 70 1 5
patients: ID surgeon priority leader_priority duration
0 1 3
1 4 14
2 6 1
3 8 3
4 9 16
5 4 5
6 8 4
7 3 4
8 13 8
9 0 18
10 7 3
11 2 11
12 11 6
13 0 9
14 4 1
15 7 3
16 1 5
17 2 4
18 2 10
19 0 6
20 8 3
21 12 7
22 2 10
23 3 3
24 9 3
25 7 7
26 5 6
27 10 3
28 5 4
29 8 6
30 7 6
31 6 3
32 11 6
33 10 3
34 4 14
35 9 7
36 7 3
37 8 7
38 11 14
39 13 16
40 12 4
41 0 6
42 1 3
43 5 6
44 5 2
45 2 4
46 11 5
47 2 4
48 5 3
49 7 9
50 1 2
51 3 3
52 13 6
53 1 6
54 11 4
55 1 3
56 8 10
57 6 5
58 1 2
59 5 3
60 5 2
61 8 18
62 6 14
63 8 3
64 11 2
65 0 2
66 2 6
67 12 2
68 9 10
69 7 11
ORS: day OR start end
0 0 0 32
1 0 0 32
2 0 0 32
3 0 0 32
4 0 0 32
start times:
0 8 16 24
end times:
8 16 24 32
load:
2.65625