12 107 2 5
patients: ID surgeon priority leader_priority duration
0 1 1
1 5 4
2 10 3
3 1 13
4 7 3
5 1 6
6 6 11
7 9 1
8 7 8
9 8 5
10 2 6
11 4 4
12 5 4
13 0 3
14 11 6
15 2 6
16 6 3
17 11 14
18 8 2
19 3 6
20 0 5
21 10 6
22 3 12
23 1 11
24 1 6
25 3 4
26 3 4
27 2 7
28 1 18
29 0 6
30 2 5
31 5 8
32 10 8
33 3 11
34 3 6
35 8 15
36 6 9
37 8 11
38 6 6
39 2 3
40 7 5
41 4 18
42 7 10
43 0 4
44 3 4
45 11 7
46 6 6
47 0 10
48 7 10
49 4 14
50 2 10
51 10 3
52 6 3
53 2 14
54 4 6
55 11 3
56 7 6
57 1 1
58 4 11
59 1 18
60 9 5
61 0 10
62 5 7
63 6 6
64 0 8
65 9 3
66 3 13
67 5 17
68 9 9
69 11 15
70 3 14
71 6 3
72 3 10
73 3 16
74 6 6
75 1 1
76 1 2
77 11 4
78 1 5
79 3 6
80 7 13
81 9 3
82 8 4
83 4 10
84 9 3
85 8 3
86 8 13
87 2 2
88 2 6
89 10 18
90 8 6
91 1 1
92 11 1
93 3 6
94 6 3
95 3 11
96 2 4
97 6 6
98 4 2
99 3 14
100 9 6
101 4 14
102 1 18
103 9 2
104 1 3
105 8 6
106 1 3
ORS: day OR start end
0 0 0 32
0 1 0 32
1 0 0 32
1 1 0 32
2 0 0 32
2 1 0 32
3 0 0 32
3 1 0 32
4 0 0 32
4 1 0 32
start times:
0 8 16 24
end times:
8 16 24 32
load:
2.41875