10 70 1 5
patients: ID surgeon priority leader_priority duration
0 2 3
1 3 14
2 3 1
3 3 3
4 0 16
5 3 5
6 9 4
7 4 4
8 4 8
9 3 18
10 2 3
11 4 11
12 1 6
13 3 9
14 9 1
15 1 3
16 3 5
17 1 4
18 7 10
19 5 6
20 1 3
21 9 7
22 8 10
23 1 3
24 9 3
25 8 7
26 7 6
27 5 3
28 4 4
29 6 6
30 9 6
31 1 3
32 4 6
33 7 3
34 6 14
35 4 7
36 7 3
37 4 7
38 4 14
39 9 16
40 1 4
41 2 6
42 7 3
43 2 6
44 6 2
45 3 4
46 6 5
47 2 4
48 0 3
49 0 9
50 7 2
51 9 3
52 4 6
53 2 6
54 6 4
55 5 3
56 2 10
57 7 5
58 0 2
59 2 3
60 2 2
61 0 18
62 0 14
63 5 3
64 4 2
65 4 2
66 0 6
67 8 2
68 6 10
69 0 11
ORS: day OR start end
0 0 0 32
1 0 0 32
2 0 0 32
3 0 0 32
4 0 0 32
start times:
0 8 16 24
end times:
8 16 24 32
load:
2.65625