20 94 2 5
patients: ID surgeon priority leader_priority duration
0 19 13
1 5 6
2 17 3
3 5 3
4 5 4
5 8 5
6 10 4
7 17 18
8 17 6
9 18 4
10 7 11
11 11 16
12 7 1
13 19 13
14 8 1
15 6 4
16 16 4
17 2 3
18 10 4
19 0 3
20 16 5
21 0 1
22 18 5
23 7 4
24 16 13
25 4 15
26 3 3
27 13 9
28 5 3
29 7 2
30 5 4
31 2 8
32 19 14
33 19 1
34 19 18
35 11 2
36 10 10
37 6 6
38 16 4
39 0 4
40 16 7
41 0 5
42 16 13
43 0 6
44 15 18
45 19 7
46 18 7
47 14 10
48 12 3
49 15 10
50 14 24
51 7 2
52 6 6
53 11 5
54 14 2
55 13 7
56 18 8
57 1 6
58 14 8
59 17 1
60 17 7
61 17 6
62 15 7
63 2 2
64 0 8
65 17 7
66 12 3
67 19 4
68 15 6
69 17 10
70 17 6
71 15 3
72 15 11
73 19 2
74 13 4
75 10 15
76 8 7
77 10 11
78 6 3
79 6 10
80 10 6
81 14 2
82 2 9
83 7 9
84 1 6
85 0 4
86 4 3
87 6 6
88 9 18
89 3 3
90 19 3
91 14 17
92 17 6
93 3 2
ORS: day OR start end
0 0 0 32
0 1 0 32
1 0 0 32
1 1 0 32
2 0 0 32
2 1 0 32
3 0 0 32
3 1 0 32
4 0 0 32
4 1 0 32
start times:
0 8 16 24
end times:
8 16 24 32
load:
1.99375