14 54 1 5
patients: ID surgeon priority leader_priority duration
0 6 3
1 6 3
2 11 5
3 3 1
4 11 12
5 6 2
6 12 7
7 4 5
8 3 3
9 5 11
10 10 8
11 4 2
12 0 14
13 12 4
14 6 11
15 5 3
16 10 13
17 6 5
18 7 9
19 6 6
20 7 3
21 1 6
22 8 9
23 11 3
24 5 3
25 7 6
26 12 11
27 12 6
28 6 5
29 7 3
30 1 7
31 5 5
32 3 6
33 2 11
34 7 6
35 8 6
36 11 17
37 3 7
38 4 6
39 5 6
40 5 1
41 6 6
42 9 13
43 12 11
44 9 2
45 2 4
46 9 8
47 5 4
48 0 1
49 6 14
50 5 17
51 11 11
52 13 2
53 6 3
ORS: day OR start end
0 0 0 32
1 0 0 32
2 0 0 32
3 0 0 32
4 0 0 32
start times:
0 8 16 24
end times:
8 16 24 32
load:
2.225