12 59 1 5
patients: ID surgeon priority leader_priority duration
0 11 8
1 10 6
2 5 6
3 6 4
4 4 6
5 2 12
6 8 6
7 2 4
8 7 3
9 10 5
10 3 6
11 5 7
12 0 4
13 6 10
14 9 3
15 9 8
16 10 3
17 2 12
18 9 4
19 10 11
20 6 6
21 1 1
22 11 2
23 1 8
24 3 3
25 8 11
26 3 7
27 2 5
28 10 2
29 3 2
30 5 11
31 10 2
32 9 5
33 6 3
34 11 12
35 1 18
36 7 6
37 1 3
38 4 2
39 8 11
40 9 4
41 10 6
42 3 16
43 4 3
44 4 11
45 10 18
46 2 4
47 7 9
48 4 4
49 0 14
50 8 7
51 5 6
52 10 7
53 0 2
54 2 6
55 0 3
56 4 9
57 8 3
58 2 3
ORS: day OR start end
0 0 0 32
1 0 0 32
2 0 0 32
3 0 0 32
4 0 0 32
start times:
0 8 16 24
end times:
8 16 24 32
load:
2.39375