10 54 1 5
patients: ID surgeon priority leader_priority duration
0 7 3
1 5 3
2 2 5
3 2 1
4 5 12
5 4 2
6 4 7
7 5 5
8 9 3
9 8 11
10 9 8
11 5 2
12 8 14
13 0 4
14 9 11
15 9 3
16 0 13
17 9 5
18 3 9
19 8 6
20 3 3
21 1 6
22 3 9
23 7 3
24 3 3
25 6 6
26 7 11
27 2 6
28 3 5
29 9 3
30 0 7
31 0 5
32 4 6
33 5 11
34 3 6
35 6 6
36 4 17
37 4 7
38 9 6
39 2 6
40 1 1
41 2 6
42 9 13
43 9 11
44 7 2
45 2 4
46 5 8
47 7 4
48 3 1
49 2 14
50 8 17
51 0 11
52 0 2
53 8 3
ORS: day OR start end
0 0 0 32
1 0 0 32
2 0 0 32
3 0 0 32
4 0 0 32
start times:
0 8 16 24
end times:
8 16 24 32
load:
2.225