10 59 1 5
patients: ID surgeon priority leader_priority duration
0 0 8
1 0 6
2 6 6
3 4 4
4 9 6
5 5 12
6 3 6
7 3 4
8 9 3
9 1 5
10 4 6
11 3 7
12 7 4
13 9 10
14 9 3
15 4 8
16 9 3
17 6 12
18 8 4
19 2 11
20 8 6
21 8 1
22 3 2
23 8 8
24 8 3
25 5 11
26 6 7
27 1 5
28 7 2
29 9 2
30 4 11
31 1 2
32 8 5
33 5 3
34 1 12
35 7 18
36 3 6
37 2 3
38 1 2
39 4 11
40 5 4
41 2 6
42 4 16
43 5 3
44 0 11
45 1 18
46 1 4
47 7 9
48 6 4
49 9 14
50 1 7
51 6 6
52 4 7
53 2 2
54 9 6
55 6 3
56 2 9
57 2 3
58 2 3
ORS: day OR start end
0 0 0 32
1 0 0 32
2 0 0 32
3 0 0 32
4 0 0 32
start times:
0 8 16 24
end times:
8 16 24 32
load:
2.39375