10 107 2 5
patients: ID surgeon priority leader_priority duration
0 9 1
1 1 4
2 1 3
3 9 13
4 5 3
5 6 6
6 4 11
7 1 1
8 1 8
9 2 5
10 4 6
11 2 4
12 7 4
13 4 3
14 4 6
15 3 6
16 3 3
17 4 14
18 4 2
19 9 6
20 2 5
21 2 6
22 5 12
23 1 11
24 8 6
25 6 4
26 7 4
27 4 7
28 0 18
29 5 6
30 7 5
31 6 8
32 4 8
33 2 11
34 4 6
35 4 15
36 7 9
37 4 11
38 2 6
39 4 3
40 7 5
41 8 18
42 6 10
43 6 4
44 7 4
45 5 7
46 8 6
47 8 10
48 0 10
49 9 14
50 0 10
51 2 3
52 7 3
53 5 14
54 7 6
55 1 3
56 0 6
57 2 1
58 7 11
59 8 18
60 7 5
61 0 10
62 0 7
63 9 6
64 7 8
65 0 3
66 3 13
67 0 17
68 8 9
69 9 15
70 0 14
71 0 3
72 1 10
73 8 16
74 0 6
75 9 1
76 4 2
77 7 4
78 0 5
79 2 6
80 7 13
81 1 3
82 8 4
83 8 10
84 3 3
85 2 3
86 2 13
87 7 2
88 3 6
89 1 18
90 0 6
91 7 1
92 5 1
93 7 6
94 8 3
95 6 11
96 7 4
97 3 6
98 5 2
99 3 14
100 9 6
101 3 14
102 6 18
103 5 2
104 2 3
105 2 6
106 5 3
ORS: day OR start end
0 0 0 32
0 1 0 32
1 0 0 32
1 1 0 32
2 0 0 32
2 1 0 32
3 0 0 32
3 1 0 32
4 0 0 32
4 1 0 32
start times:
0 8 16 24
end times:
8 16 24 32
load:
2.41875