20 174 4 5
patients: ID surgeon priority leader_priority duration
0 7 10
1 14 13
2 7 2
3 4 3
4 16 6
5 5 15
6 9 3
7 1 4
8 11 11
9 3 7
10 12 13
11 15 10
12 9 16
13 11 6
14 19 18
15 0 2
16 5 6
17 15 10
18 0 4
19 9 1
20 9 6
21 2 6
22 19 5
23 16 4
24 12 7
25 6 4
26 12 11
27 3 16
28 13 11
29 15 9
30 8 11
31 12 6
32 12 5
33 8 6
34 11 10
35 3 3
36 0 8
37 17 18
38 1 1
39 15 9
40 11 11
41 19 7
42 5 5
43 13 2
44 17 3
45 4 14
46 0 16
47 16 16
48 0 5
49 12 18
50 6 3
51 12 5
52 5 5
53 11 13
54 6 10
55 15 18
56 18 6
57 5 10
58 3 3
59 15 12
60 6 1
61 17 1
62 10 10
63 14 6
64 2 14
65 6 3
66 17 4
67 1 2
68 4 5
69 8 1
70 17 2
71 10 7
72 4 3
73 2 14
74 2 10
75 11 6
76 14 11
77 7 5
78 9 12
79 8 18
80 9 14
81 15 14
82 1 14
83 12 6
84 17 8
85 17 1
86 9 6
87 12 5
88 9 3
89 7 18
90 17 5
91 3 9
92 18 1
93 3 3
94 19 2
95 9 4
96 6 3
97 18 1
98 11 10
99 17 6
100 14 14
101 14 9
102 4 17
103 10 9
104 18 3
105 19 2
106 0 9
107 14 2
108 16 6
109 7 24
110 10 10
111 14 2
112 2 5
113 2 14
114 15 9
115 12 4
116 18 6
117 19 16
118 9 3
119 16 3
120 2 6
121 8 5
122 8 4
123 16 7
124 7 10
125 5 10
126 3 3
127 0 8
128 2 5
129 4 5
130 5 2
131 0 6
132 5 1
133 13 11
134 13 5
135 17 18
136 14 3
137 9 7
138 8 7
139 16 5
140 18 1
141 9 10
142 2 5
143 17 5
144 3 2
145 10 7
146 0 4
147 18 1
148 13 8
149 7 6
150 14 16
151 9 1
152 5 3
153 17 6
154 7 4
155 16 8
156 10 6
157 12 6
158 3 4
159 18 3
160 10 6
161 11 6
162 3 8
163 18 14
164 17 7
165 12 12
166 7 16
167 9 14
168 12 3
169 15 3
170 12 8
171 13 5
172 10 11
173 10 6
ORS: day OR start end
0 0 0 32
0 1 0 32
0 2 0 32
0 3 0 32
1 0 0 32
1 1 0 32
1 2 0 32
1 3 0 32
2 0 0 32
2 1 0 32
2 2 0 32
2 3 0 32
3 0 0 32
3 1 0 32
3 2 0 32
3 3 0 32
4 0 0 32
4 1 0 32
4 2 0 32
4 3 0 32
start times:
0 8 16 24
end times:
8 16 24 32
load:
2.009375