8 70 1 5
patients: ID surgeon priority leader_priority duration
0 4 3
1 2 14
2 1 1
3 4 3
4 4 16
5 2 5
6 4 4
7 2 4
8 5 8
9 6 18
10 3 3
11 6 11
12 7 6
13 4 9
14 3 1
15 6 3
16 2 5
17 4 4
18 1 10
19 7 6
20 4 3
21 2 7
22 7 10
23 7 3
24 4 3
25 6 7
26 1 6
27 3 3
28 0 4
29 3 6
30 7 6
31 1 3
32 1 6
33 5 3
34 4 14
35 1 7
36 0 3
37 5 7
38 3 14
39 0 16
40 0 4
41 4 6
42 5 3
43 3 6
44 0 2
45 5 4
46 4 5
47 2 4
48 5 3
49 5 9
50 6 2
51 3 3
52 2 6
53 2 6
54 1 4
55 6 3
56 0 10
57 1 5
58 1 2
59 0 3
60 4 2
61 5 18
62 3 14
63 2 3
64 7 2
65 4 2
66 5 6
67 7 2
68 6 10
69 5 11
ORS: day OR start end
0 0 0 32
1 0 0 32
2 0 0 32
3 0 0 32
4 0 0 32
start times:
0 8 16 24
end times:
8 16 24 32
load:
2.65625