14 62 2 5
patients: ID surgeon priority leader_priority duration
0 10 8
1 10 3
2 6 9
3 11 1
4 11 1
5 8 24
6 0 18
7 8 10
8 13 6
9 4 18
10 8 12
11 6 30
12 8 2
13 5 6
14 2 11
15 12 6
16 1 4
17 3 8
18 12 6
19 8 6
20 9 10
21 5 5
22 3 3
23 0 5
24 8 6
25 7 7
26 7 1
27 8 12
28 6 8
29 10 5
30 5 13
31 1 8
32 11 5
33 0 2
34 7 3
35 5 6
36 6 14
37 9 4
38 3 6
39 11 4
40 12 7
41 13 12
42 13 4
43 12 6
44 0 29
45 8 6
46 6 3
47 8 8
48 2 6
49 8 5
50 3 10
51 10 5
52 8 7
53 13 6
54 4 4
55 10 6
56 3 4
57 8 5
58 12 21
59 0 6
60 7 4
61 12 3
ORS: day OR start end
0 0 0 32
0 1 0 32
1 0 0 32
1 1 0 32
2 0 0 32
2 1 0 32
3 0 0 32
3 1 0 32
4 0 0 32
4 1 0 32
start times:
0 8 16 24
end times:
8 16 24 32
load:
1.509375