10 97 2 5
patients: ID surgeon priority leader_priority duration
0 0 18
1 5 5
2 6 5
3 9 1
4 5 7
5 2 16
6 3 5
7 0 1
8 4 5
9 8 3
10 9 5
11 4 3
12 4 3
13 4 4
14 2 14
15 3 3
16 7 6
17 5 3
18 5 3
19 3 7
20 7 7
21 6 1
22 0 12
23 7 18
24 1 11
25 3 15
26 0 18
27 8 8
28 5 6
29 1 4
30 7 6
31 3 1
32 2 5
33 2 8
34 7 1
35 1 17
36 1 3
37 7 7
38 8 3
39 9 3
40 7 6
41 1 5
42 0 16
43 6 6
44 3 6
45 3 11
46 3 2
47 4 6
48 7 8
49 4 7
50 3 7
51 1 6
52 8 7
53 7 2
54 0 16
55 9 6
56 1 4
57 0 3
58 5 13
59 5 8
60 3 12
61 0 2
62 5 4
63 2 7
64 7 5
65 2 6
66 4 1
67 2 10
68 5 5
69 8 3
70 1 3
71 3 7
72 5 3
73 6 4
74 9 3
75 6 2
76 4 3
77 6 5
78 1 18
79 0 6
80 7 3
81 8 14
82 6 1
83 1 8
84 8 3
85 5 4
86 5 2
87 1 11
88 0 10
89 1 8
90 2 18
91 1 4
92 2 5
93 7 6
94 1 2
95 4 10
96 6 8
ORS: day OR start end
0 0 0 32
0 1 0 32
1 0 0 32
1 1 0 32
2 0 0 32
2 1 0 32
3 0 0 32
3 1 0 32
4 0 0 32
4 1 0 32
start times:
0 8 16 24
end times:
8 16 24 32
load:
2.00625