12 97 2 5
patients: ID surgeon priority leader_priority duration
0 6 18
1 4 5
2 3 5
3 6 1
4 0 7
5 3 16
6 10 5
7 7 1
8 1 5
9 9 3
10 10 5
11 11 3
12 0 3
13 0 4
14 8 14
15 5 3
16 7 6
17 11 3
18 6 3
19 0 7
20 4 7
21 8 1
22 9 12
23 0 18
24 4 11
25 8 15
26 9 18
27 0 8
28 2 6
29 4 4
30 5 6
31 1 1
32 2 5
33 8 8
34 0 1
35 0 17
36 5 3
37 8 7
38 10 3
39 9 3
40 2 6
41 8 5
42 0 16
43 1 6
44 7 6
45 8 11
46 0 2
47 10 6
48 2 8
49 6 7
50 9 7
51 3 6
52 11 7
53 9 2
54 8 16
55 5 6
56 9 4
57 8 3
58 10 13
59 11 8
60 1 12
61 0 2
62 11 4
63 3 7
64 9 5
65 5 6
66 9 1
67 11 10
68 0 5
69 6 3
70 3 3
71 1 7
72 1 3
73 7 4
74 2 3
75 10 2
76 0 3
77 8 5
78 0 18
79 9 6
80 9 3
81 7 14
82 0 1
83 1 8
84 10 3
85 1 4
86 7 2
87 0 11
88 0 10
89 10 8
90 10 18
91 0 4
92 2 5
93 0 6
94 1 2
95 6 10
96 10 8
ORS: day OR start end
0 0 0 32
0 1 0 32
1 0 0 32
1 1 0 32
2 0 0 32
2 1 0 32
3 0 0 32
3 1 0 32
4 0 0 32
4 1 0 32
start times:
0 8 16 24
end times:
8 16 24 32
load:
2.00625