14 54 1 5
patients: ID surgeon priority leader_priority duration
0 1 2
1 10 10
2 6 2
3 10 5
4 10 11
5 4 11
6 7 3
7 12 6
8 8 16
9 9 3
10 5 6
11 7 5
12 8 3
13 0 3
14 5 5
15 4 5
16 13 3
17 11 6
18 3 6
19 7 18
20 3 10
21 5 7
22 3 6
23 2 1
24 0 13
25 12 9
26 3 3
27 8 4
28 9 5
29 12 3
30 0 3
31 11 6
32 0 6
33 5 28
34 7 15
35 7 3
36 2 4
37 4 6
38 7 4
39 8 6
40 6 6
41 4 7
42 10 3
43 3 5
44 10 3
45 11 16
46 5 10
47 10 10
48 2 16
49 11 5
50 8 18
51 13 3
52 8 4
53 6 7
ORS: day OR start end
0 0 0 32
1 0 0 32
2 0 0 32
3 0 0 32
4 0 0 32
start times:
0 8 16 24
end times:
8 16 24 32
load:
2.4