12 53 1 5
patients: ID surgeon priority leader_priority duration
0 4 2
1 10 5
2 6 6
3 2 6
4 1 6
5 4 3
6 5 1
7 7 7
8 3 7
9 7 5
10 8 16
11 2 5
12 6 12
13 9 7
14 6 3
15 4 2
16 6 1
17 11 10
18 5 2
19 10 7
20 11 6
21 10 11
22 11 4
23 0 3
24 7 25
25 5 1
26 2 8
27 9 5
28 5 4
29 11 6
30 11 16
31 8 2
32 11 4
33 8 6
34 10 14
35 3 4
36 1 4
37 4 4
38 5 5
39 8 6
40 0 5
41 10 6
42 3 3
43 11 6
44 3 2
45 7 3
46 2 4
47 9 3
48 1 16
49 9 2
50 4 2
51 4 11
52 2 10
ORS: day OR start end
0 0 0 32
1 0 0 32
2 0 0 32
3 0 0 32
4 0 0 32
start times:
0 8 16 24
end times:
8 16 24 32
load:
2.025