10 59 1 5
patients: ID surgeon priority leader_priority duration
0 6 3
1 3 8
2 8 6
3 1 6
4 6 6
5 8 10
6 5 5
7 6 3
8 3 3
9 8 6
10 8 2
11 6 10
12 1 6
13 9 3
14 1 1
15 6 3
16 3 2
17 4 6
18 4 3
19 9 5
20 5 4
21 6 6
22 1 6
23 6 3
24 8 11
25 3 4
26 4 1
27 8 6
28 6 1
29 7 4
30 4 4
31 6 3
32 3 6
33 3 4
34 3 3
35 1 9
36 6 5
37 4 4
38 6 6
39 9 5
40 5 8
41 1 8
42 8 3
43 7 4
44 2 6
45 7 6
46 3 17
47 9 5
48 2 2
49 9 5
50 8 2
51 3 1
52 2 2
53 4 2
54 1 6
55 2 3
56 1 10
57 0 5
58 1 2
ORS: day OR start end
0 0 0 32
1 0 0 32
2 0 0 32
3 0 0 32
4 0 0 32
start times:
0 8 16 24
end times:
8 16 24 32
load:
1.80625