12 127 2 5
patients: ID surgeon priority leader_priority duration
0 8 4
1 3 6
2 2 4
3 10 3
4 10 6
5 6 6
6 1 3
7 2 24
8 11 3
9 7 5
10 4 10
11 4 16
12 11 2
13 5 10
14 8 6
15 8 6
16 4 16
17 2 18
18 10 1
19 9 1
20 3 15
21 5 11
22 3 6
23 9 7
24 8 4
25 11 3
26 7 11
27 5 5
28 1 5
29 4 6
30 3 3
31 7 10
32 5 3
33 11 3
34 7 6
35 1 6
36 0 6
37 5 6
38 3 18
39 4 13
40 10 10
41 6 6
42 9 6
43 3 5
44 1 2
45 3 5
46 6 10
47 6 6
48 11 7
49 5 1
50 5 3
51 4 11
52 9 4
53 4 19
54 7 1
55 4 2
56 7 5
57 6 4
58 10 6
59 0 1
60 2 11
61 3 3
62 9 4
63 9 2
64 9 3
65 9 9
66 5 5
67 10 10
68 1 3
69 8 14
70 2 1
71 9 7
72 5 6
73 7 6
74 2 13
75 7 3
76 11 22
77 7 3
78 8 6
79 3 3
80 5 1
81 2 20
82 5 4
83 9 3
84 7 18
85 1 2
86 9 2
87 8 18
88 3 3
89 3 14
90 6 4
91 6 3
92 1 7
93 11 6
94 8 5
95 8 6
96 8 4
97 7 10
98 2 3
99 2 5
100 2 3
101 10 2
102 2 5
103 3 8
104 5 4
105 2 7
106 11 12
107 5 6
108 3 6
109 3 17
110 10 3
111 5 4
112 2 7
113 9 3
114 7 1
115 9 11
116 5 1
117 10 3
118 7 6
119 8 4
120 6 7
121 2 8
122 9 6
123 5 10
124 1 4
125 3 1
126 5 3
ORS: day OR start end
0 0 0 32
0 1 0 32
1 0 0 32
1 1 0 32
2 0 0 32
2 1 0 32
3 0 0 32
3 1 0 32
4 0 0 32
4 1 0 32
start times:
0 8 16 24
end times:
8 16 24 32
load:
2.609375