10 54 1 5
patients: ID surgeon priority leader_priority duration
0 7 2
1 4 10
2 5 2
3 8 5
4 9 11
5 3 11
6 5 3
7 3 6
8 0 16
9 7 3
10 5 6
11 0 5
12 5 3
13 8 3
14 7 5
15 6 5
16 5 3
17 7 6
18 7 6
19 6 18
20 5 10
21 3 7
22 9 6
23 5 1
24 0 13
25 4 9
26 2 3
27 8 4
28 8 5
29 0 3
30 3 3
31 0 6
32 4 6
33 7 28
34 8 15
35 1 3
36 2 4
37 8 6
38 0 4
39 3 6
40 3 6
41 5 7
42 1 3
43 5 5
44 1 3
45 0 16
46 7 10
47 3 10
48 1 16
49 0 5
50 4 18
51 5 3
52 7 4
53 4 7
ORS: day OR start end
0 0 0 32
1 0 0 32
2 0 0 32
3 0 0 32
4 0 0 32
start times:
0 8 16 24
end times:
8 16 24 32
load:
2.4