20 97 2 5
patients: ID surgeon priority leader_priority duration
0 1 18
1 13 5
2 5 5
3 1 1
4 4 7
5 15 16
6 17 5
7 19 1
8 15 5
9 10 3
10 16 5
11 17 3
12 17 3
13 11 4
14 4 14
15 6 3
16 11 6
17 13 3
18 18 3
19 10 7
20 14 7
21 7 1
22 1 12
23 2 18
24 10 11
25 0 15
26 11 18
27 14 8
28 10 6
29 6 4
30 11 6
31 9 1
32 11 5
33 18 8
34 0 1
35 10 17
36 17 3
37 14 7
38 18 3
39 11 3
40 5 6
41 9 5
42 18 16
43 2 6
44 5 6
45 5 11
46 10 2
47 7 6
48 14 8
49 10 7
50 17 7
51 4 6
52 7 7
53 2 2
54 1 16
55 19 6
56 11 4
57 4 3
58 15 13
59 6 8
60 10 12
61 17 2
62 0 4
63 7 7
64 11 5
65 5 6
66 3 1
67 18 10
68 4 5
69 17 3
70 14 3
71 10 7
72 6 3
73 4 4
74 9 3
75 6 2
76 16 3
77 19 5
78 14 18
79 3 6
80 14 3
81 19 14
82 3 1
83 16 8
84 16 3
85 5 4
86 15 2
87 13 11
88 17 10
89 1 8
90 11 18
91 5 4
92 18 5
93 7 6
94 8 2
95 0 10
96 0 8
ORS: day OR start end
0 0 0 32
0 1 0 32
1 0 0 32
1 1 0 32
2 0 0 32
2 1 0 32
3 0 0 32
3 1 0 32
4 0 0 32
4 1 0 32
start times:
0 8 16 24
end times:
8 16 24 32
load:
2.00625