10 53 1 5
patients: ID surgeon priority leader_priority duration
0 4 2
1 7 5
2 5 6
3 0 6
4 2 6
5 1 3
6 9 1
7 1 7
8 8 7
9 3 5
10 6 16
11 4 5
12 7 12
13 6 7
14 7 3
15 2 2
16 9 1
17 4 10
18 6 2
19 9 7
20 4 6
21 2 11
22 4 4
23 3 3
24 5 25
25 3 1
26 1 8
27 4 5
28 2 4
29 6 6
30 8 16
31 4 2
32 2 4
33 8 6
34 8 14
35 2 4
36 3 4
37 8 4
38 1 5
39 2 6
40 6 5
41 2 6
42 0 3
43 3 6
44 6 2
45 6 3
46 5 4
47 5 3
48 7 16
49 4 2
50 7 2
51 5 11
52 2 10
ORS: day OR start end
0 0 0 32
1 0 0 32
2 0 0 32
3 0 0 32
4 0 0 32
start times:
0 8 16 24
end times:
8 16 24 32
load:
2.025