14 53 1 5
patients: ID surgeon priority leader_priority duration
0 12 2
1 12 5
2 2 6
3 6 6
4 5 6
5 11 3
6 12 1
7 8 7
8 10 7
9 0 5
10 4 16
11 8 5
12 6 12
13 5 7
14 7 3
15 12 2
16 6 1
17 2 10
18 13 2
19 12 7
20 12 6
21 1 11
22 9 4
23 1 3
24 5 25
25 1 1
26 4 8
27 1 5
28 2 4
29 9 6
30 9 16
31 1 2
32 9 4
33 8 6
34 3 14
35 9 4
36 9 4
37 0 4
38 7 5
39 8 6
40 10 5
41 3 6
42 12 3
43 6 6
44 6 2
45 2 3
46 8 4
47 7 3
48 7 16
49 4 2
50 12 2
51 8 11
52 4 10
ORS: day OR start end
0 0 0 32
1 0 0 32
2 0 0 32
3 0 0 32
4 0 0 32
start times:
0 8 16 24
end times:
8 16 24 32
load:
2.025