10 127 2 5
patients: ID surgeon priority leader_priority duration
0 5 4
1 6 6
2 8 4
3 7 3
4 7 6
5 7 6
6 4 3
7 7 24
8 0 3
9 7 5
10 3 10
11 9 16
12 1 2
13 8 10
14 7 6
15 5 6
16 3 16
17 4 18
18 7 1
19 8 1
20 7 15
21 3 11
22 2 6
23 2 7
24 1 4
25 2 3
26 3 11
27 8 5
28 2 5
29 7 6
30 4 3
31 6 10
32 7 3
33 8 3
34 3 6
35 1 6
36 1 6
37 3 6
38 0 18
39 3 13
40 5 10
41 0 6
42 2 6
43 0 5
44 4 2
45 5 5
46 1 10
47 7 6
48 7 7
49 6 1
50 2 3
51 1 11
52 4 4
53 0 19
54 4 1
55 9 2
56 7 5
57 3 4
58 3 6
59 6 1
60 6 11
61 6 3
62 4 4
63 8 2
64 4 3
65 8 9
66 8 5
67 3 10
68 6 3
69 5 14
70 7 1
71 4 7
72 1 6
73 8 6
74 2 13
75 6 3
76 5 22
77 0 3
78 4 6
79 4 3
80 7 1
81 7 20
82 3 4
83 8 3
84 9 18
85 8 2
86 2 2
87 0 18
88 8 3
89 5 14
90 5 4
91 1 3
92 2 7
93 3 6
94 7 5
95 6 6
96 6 4
97 4 10
98 0 3
99 0 5
100 6 3
101 5 2
102 8 5
103 5 8
104 8 4
105 2 7
106 0 12
107 4 6
108 6 6
109 8 17
110 1 3
111 8 4
112 5 7
113 1 3
114 3 1
115 0 11
116 1 1
117 6 3
118 7 6
119 5 4
120 4 7
121 6 8
122 4 6
123 2 10
124 3 4
125 2 1
126 7 3
ORS: day OR start end
0 0 0 32
0 1 0 32
1 0 0 32
1 1 0 32
2 0 0 32
2 1 0 32
3 0 0 32
3 1 0 32
4 0 0 32
4 1 0 32
start times:
0 8 16 24
end times:
8 16 24 32
load:
2.609375