14 81 2 5
patients: ID surgeon priority leader_priority duration
0 6 2
1 8 3
2 2 1
3 9 5
4 6 10
5 12 6
6 10 12
7 9 4
8 8 1
9 13 1
10 7 7
11 3 7
12 0 15
13 5 6
14 10 2
15 8 6
16 9 13
17 7 1
18 0 6
19 12 4
20 6 11
21 1 10
22 10 12
23 1 10
24 12 6
25 9 10
26 1 10
27 4 1
28 2 15
29 9 7
30 5 12
31 10 4
32 3 1
33 9 10
34 11 4
35 6 6
36 5 3
37 9 5
38 8 1
39 11 14
40 6 6
41 5 3
42 9 6
43 13 9
44 9 5
45 12 6
46 13 11
47 6 11
48 5 18
49 3 11
50 13 4
51 1 6
52 2 3
53 7 10
54 13 6
55 1 9
56 10 3
57 5 3
58 10 3
59 8 4
60 5 14
61 5 1
62 4 6
63 1 15
64 4 11
65 10 14
66 5 18
67 12 4
68 2 1
69 5 7
70 10 7
71 2 8
72 8 14
73 13 3
74 9 4
75 2 2
76 0 11
77 3 6
78 1 7
79 7 8
80 2 18
ORS: day OR start end
0 0 0 32
0 1 0 32
1 0 0 32
1 1 0 32
2 0 0 32
2 1 0 32
3 0 0 32
3 1 0 32
4 0 0 32
4 1 0 32
start times:
0 8 16 24
end times:
8 16 24 32
load:
1.8125