20 189 4 5
patients: ID surgeon priority leader_priority duration
0 12 12
1 9 3
2 3 4
3 5 5
4 14 16
5 16 8
6 0 3
7 10 6
8 2 6
9 1 6
10 18 1
11 16 1
12 3 12
13 3 1
14 0 2
15 5 6
16 9 5
17 11 30
18 10 7
19 6 6
20 12 14
21 0 5
22 9 2
23 13 4
24 17 11
25 16 6
26 8 12
27 7 2
28 17 1
29 11 6
30 17 3
31 11 9
32 17 18
33 3 10
34 19 14
35 11 3
36 16 2
37 6 7
38 16 4
39 6 30
40 5 10
41 18 6
42 12 6
43 5 4
44 1 7
45 1 11
46 0 13
47 12 10
48 5 4
49 9 5
50 6 8
51 6 18
52 11 3
53 4 1
54 16 8
55 1 8
56 3 5
57 19 7
58 10 4
59 9 6
60 5 2
61 16 2
62 8 8
63 11 6
64 17 5
65 11 6
66 9 2
67 10 3
68 10 6
69 3 8
70 2 4
71 0 6
72 14 2
73 15 5
74 0 4
75 10 4
76 0 18
77 11 15
78 4 3
79 8 14
80 19 3
81 15 4
82 14 3
83 1 14
84 16 11
85 0 8
86 7 1
87 13 3
88 13 1
89 10 13
90 13 1
91 12 6
92 2 10
93 18 7
94 14 11
95 16 3
96 12 6
97 7 6
98 10 6
99 13 6
100 9 3
101 15 2
102 4 1
103 3 20
104 1 5
105 17 11
106 10 2
107 16 4
108 13 2
109 18 5
110 15 1
111 3 6
112 10 7
113 1 2
114 14 3
115 14 4
116 2 6
117 15 6
118 6 3
119 16 1
120 3 10
121 12 2
122 8 18
123 17 6
124 4 3
125 17 8
126 1 4
127 15 9
128 16 10
129 10 5
130 1 14
131 4 8
132 14 9
133 3 3
134 15 1
135 7 4
136 16 6
137 5 7
138 13 3
139 15 11
140 9 2
141 16 16
142 4 10
143 16 5
144 13 10
145 1 5
146 19 9
147 6 18
148 8 18
149 10 1
150 2 10
151 5 2
152 0 1
153 5 2
154 18 11
155 1 10
156 14 8
157 4 7
158 12 3
159 8 4
160 6 6
161 1 10
162 0 1
163 19 3
164 11 15
165 4 4
166 4 2
167 5 1
168 16 5
169 13 4
170 11 18
171 14 5
172 0 6
173 3 16
174 17 1
175 13 12
176 19 6
177 14 18
178 16 11
179 9 3
180 11 3
181 1 3
182 13 3
183 3 3
184 6 3
185 12 11
186 12 10
187 14 11
188 15 10
ORS: day OR start end
0 0 0 32
0 1 0 32
0 2 0 32
0 3 0 32
1 0 0 32
1 1 0 32
1 2 0 32
1 3 0 32
2 0 0 32
2 1 0 32
2 2 0 32
2 3 0 32
3 0 0 32
3 1 0 32
3 2 0 32
3 3 0 32
4 0 0 32
4 1 0 32
4 2 0 32
4 3 0 32
start times:
0 8 16 24
end times:
8 16 24 32
load:
2.00625