8 50 1 5
patients: ID surgeon priority leader_priority duration
0 5 13
1 4 5
2 0 3
3 1 2
4 6 3
5 4 1
6 0 6
7 0 3
8 6 8
9 1 6
10 2 6
11 0 3
12 3 6
13 2 6
14 1 16
15 7 7
16 1 7
17 0 11
18 5 6
19 7 3
20 5 18
21 7 6
22 3 7
23 2 10
24 6 6
25 2 10
26 0 2
27 5 13
28 7 7
29 2 6
30 7 1
31 4 5
32 5 2
33 4 8
34 5 8
35 5 10
36 3 5
37 4 9
38 1 5
39 3 6
40 4 1
41 0 6
42 1 7
43 6 4
44 7 2
45 3 16
46 5 9
47 3 6
48 3 1
49 0 6
ORS: day OR start end
0 0 0 32
1 0 0 32
2 0 0 32
3 0 0 32
4 0 0 32
start times:
0 8 16 24
end times:
8 16 24 32
load:
2.01875