12 54 1 5
patients: ID surgeon priority leader_priority duration
0 10 2
1 0 10
2 8 2
3 8 5
4 0 11
5 11 11
6 1 3
7 9 6
8 3 16
9 1 3
10 4 6
11 5 5
12 8 3
13 3 3
14 11 5
15 7 5
16 1 3
17 8 6
18 5 6
19 8 18
20 10 10
21 9 7
22 6 6
23 5 1
24 10 13
25 6 9
26 5 3
27 7 4
28 9 5
29 11 3
30 5 3
31 0 6
32 10 6
33 0 28
34 11 15
35 6 3
36 6 4
37 4 6
38 6 4
39 3 6
40 9 6
41 10 7
42 3 3
43 11 5
44 7 3
45 0 16
46 9 10
47 7 10
48 2 16
49 11 5
50 7 18
51 8 3
52 8 4
53 6 7
ORS: day OR start end
0 0 0 32
1 0 0 32
2 0 0 32
3 0 0 32
4 0 0 32
start times:
0 8 16 24
end times:
8 16 24 32
load:
2.4