10 115 2 5
patients: ID surgeon priority leader_priority duration
0 8 8
1 1 2
2 4 1
3 1 17
4 4 4
5 1 5
6 2 6
7 9 4
8 1 15
9 1 9
10 1 2
11 5 4
12 8 10
13 8 4
14 2 5
15 7 1
16 9 11
17 3 2
18 4 10
19 3 6
20 3 8
21 9 17
22 7 2
23 1 6
24 6 6
25 9 6
26 6 3
27 4 12
28 1 5
29 4 6
30 4 1
31 4 4
32 3 10
33 0 6
34 6 4
35 9 8
36 1 4
37 9 14
38 8 4
39 8 7
40 0 14
41 6 14
42 4 7
43 7 6
44 0 10
45 8 3
46 0 6
47 4 6
48 7 2
49 1 4
50 4 3
51 9 8
52 1 6
53 9 18
54 6 4
55 5 11
56 8 14
57 0 4
58 0 4
59 8 6
60 5 7
61 2 18
62 2 1
63 7 2
64 4 4
65 0 6
66 8 15
67 6 13
68 1 7
69 6 3
70 1 5
71 7 7
72 7 3
73 6 6
74 4 2
75 6 5
76 4 6
77 6 4
78 0 6
79 6 5
80 1 6
81 0 3
82 0 5
83 3 10
84 0 6
85 8 3
86 4 18
87 4 1
88 3 4
89 0 4
90 6 1
91 1 10
92 7 8
93 0 3
94 9 5
95 3 4
96 0 4
97 9 1
98 3 7
99 2 3
100 1 8
101 9 4
102 6 4
103 2 18
104 0 7
105 0 18
106 4 13
107 6 5
108 4 6
109 0 11
110 6 7
111 1 6
112 3 9
113 4 13
114 8 5
ORS: day OR start end
0 0 0 32
0 1 0 32
1 0 0 32
1 1 0 32
2 0 0 32
2 1 0 32
3 0 0 32
3 1 0 32
4 0 0 32
4 1 0 32
start times:
0 8 16 24
end times:
8 16 24 32
load:
2.41875