8 63 1 5
patients: ID surgeon priority leader_priority duration
0 0 15
1 1 4
2 6 17
3 3 5
4 4 10
5 5 6
6 3 9
7 7 6
8 1 15
9 4 4
10 6 2
11 6 7
12 5 3
13 4 6
14 0 4
15 0 10
16 5 6
17 5 11
18 3 1
19 3 1
20 4 7
21 0 11
22 6 6
23 5 13
24 1 1
25 3 7
26 3 4
27 4 1
28 5 5
29 2 17
30 3 18
31 6 2
32 5 1
33 1 1
34 0 5
35 2 11
36 7 3
37 2 6
38 3 3
39 7 8
40 4 5
41 5 5
42 2 1
43 3 1
44 7 6
45 7 6
46 4 10
47 3 6
48 6 7
49 5 7
50 7 6
51 7 6
52 6 12
53 7 14
54 0 16
55 7 4
56 2 8
57 1 8
58 6 9
59 6 1
60 4 3
61 3 2
62 1 1
ORS: day OR start end
0 0 0 32
1 0 0 32
2 0 0 32
3 0 0 32
4 0 0 32
start times:
0 8 16 24
end times:
8 16 24 32
load:
2.6