10 63 1 5
patients: ID surgeon priority leader_priority duration
0 6 15
1 7 4
2 3 17
3 6 5
4 5 10
5 2 6
6 2 9
7 3 6
8 6 15
9 2 4
10 5 2
11 2 7
12 2 3
13 2 6
14 4 4
15 8 10
16 2 6
17 3 11
18 5 1
19 7 1
20 6 7
21 8 11
22 4 6
23 4 13
24 5 1
25 8 7
26 0 4
27 5 1
28 8 5
29 6 17
30 6 18
31 9 2
32 3 1
33 0 1
34 9 5
35 5 11
36 1 3
37 2 6
38 4 3
39 6 8
40 3 5
41 6 5
42 6 1
43 8 1
44 5 6
45 9 6
46 6 10
47 5 6
48 0 7
49 0 7
50 0 6
51 4 6
52 7 12
53 8 14
54 2 16
55 5 4
56 3 8
57 6 8
58 8 9
59 9 1
60 9 3
61 2 2
62 0 1
ORS: day OR start end
0 0 0 32
1 0 0 32
2 0 0 32
3 0 0 32
4 0 0 32
start times:
0 8 16 24
end times:
8 16 24 32
load:
2.6