20 193 4 5
patients: ID surgeon priority leader_priority duration
0 7 6
1 0 6
2 7 3
3 3 1
4 16 5
5 1 13
6 13 3
7 4 2
8 11 6
9 17 4
10 12 3
11 1 5
12 17 2
13 11 4
14 0 6
15 0 10
16 10 12
17 14 7
18 0 4
19 12 5
20 4 2
21 6 1
22 19 4
23 7 6
24 16 1
25 2 12
26 4 18
27 12 3
28 1 3
29 9 10
30 6 11
31 11 6
32 5 12
33 3 13
34 4 4
35 17 18
36 6 6
37 1 3
38 3 1
39 15 18
40 16 5
41 15 6
42 17 8
43 18 4
44 7 7
45 0 5
46 2 10
47 6 18
48 0 10
49 14 12
50 4 25
51 18 10
52 10 12
53 9 5
54 12 1
55 7 5
56 13 6
57 0 6
58 5 7
59 14 1
60 16 11
61 15 5
62 5 8
63 2 10
64 8 3
65 7 2
66 17 11
67 8 4
68 17 6
69 16 2
70 13 4
71 2 2
72 1 5
73 17 10
74 19 5
75 7 3
76 18 9
77 15 1
78 18 7
79 6 14
80 4 6
81 12 3
82 4 11
83 0 5
84 9 14
85 3 11
86 15 6
87 14 3
88 18 1
89 8 3
90 6 7
91 18 3
92 9 6
93 3 3
94 2 10
95 5 2
96 13 1
97 12 2
98 4 4
99 13 7
100 13 3
101 4 4
102 10 2
103 6 1
104 11 14
105 4 6
106 13 1
107 13 6
108 13 1
109 14 11
110 2 1
111 6 4
112 3 3
113 4 6
114 4 10
115 7 6
116 11 10
117 5 5
118 5 2
119 10 4
120 8 8
121 0 5
122 14 14
123 5 5
124 15 4
125 13 5
126 4 9
127 6 10
128 10 6
129 11 10
130 12 5
131 9 8
132 0 10
133 10 4
134 7 3
135 15 1
136 2 14
137 12 5
138 11 18
139 5 1
140 19 3
141 12 8
142 0 3
143 16 6
144 16 4
145 15 1
146 17 3
147 11 2
148 8 6
149 2 2
150 11 6
151 3 18
152 4 8
153 7 11
154 14 7
155 16 18
156 8 6
157 18 16
158 4 2
159 4 8
160 6 2
161 0 7
162 9 6
163 15 16
164 10 6
165 19 6
166 4 16
167 18 1
168 7 3
169 0 6
170 10 10
171 5 3
172 14 5
173 19 10
174 5 13
175 4 14
176 4 11
177 4 3
178 18 6
179 19 10
180 0 4
181 15 6
182 0 3
183 11 7
184 18 5
185 10 6
186 9 6
187 18 12
188 6 3
189 7 3
190 15 13
191 11 10
192 5 16
ORS: day OR start end
0 0 0 32
0 1 0 32
0 2 0 32
0 3 0 32
1 0 0 32
1 1 0 32
1 2 0 32
1 3 0 32
2 0 0 32
2 1 0 32
2 2 0 32
2 3 0 32
3 0 0 32
3 1 0 32
3 2 0 32
3 3 0 32
4 0 0 32
4 1 0 32
4 2 0 32
4 3 0 32
start times:
0 8 16 24
end times:
8 16 24 32
load:
2.0046875