12 63 1 5
patients: ID surgeon priority leader_priority duration
0 11 15
1 1 4
2 7 17
3 10 5
4 11 10
5 0 6
6 10 9
7 11 6
8 0 15
9 11 4
10 7 2
11 8 7
12 5 3
13 3 6
14 8 4
15 10 10
16 5 6
17 11 11
18 7 1
19 3 1
20 4 7
21 2 11
22 0 6
23 4 13
24 3 1
25 3 7
26 1 4
27 1 1
28 2 5
29 11 17
30 10 18
31 5 2
32 5 1
33 10 1
34 2 5
35 0 11
36 3 3
37 3 6
38 11 3
39 4 8
40 5 5
41 6 5
42 1 1
43 10 1
44 5 6
45 2 6
46 4 10
47 8 6
48 5 7
49 3 7
50 1 6
51 1 6
52 2 12
53 0 14
54 3 16
55 0 4
56 7 8
57 2 8
58 1 9
59 11 1
60 8 3
61 1 2
62 6 1
ORS: day OR start end
0 0 0 32
1 0 0 32
2 0 0 32
3 0 0 32
4 0 0 32
start times:
0 8 16 24
end times:
8 16 24 32
load:
2.6