12 94 2 5
patients: ID surgeon priority leader_priority duration
0 5 12
1 9 7
2 11 11
3 2 6
4 10 6
5 6 1
6 4 3
7 6 7
8 1 10
9 6 2
10 0 6
11 9 10
12 4 6
13 8 11
14 5 4
15 8 18
16 8 6
17 11 6
18 9 2
19 10 6
20 3 5
21 4 3
22 7 5
23 1 6
24 3 5
25 3 10
26 11 5
27 1 6
28 8 11
29 8 6
30 4 4
31 1 1
32 11 12
33 5 15
34 2 6
35 11 11
36 3 5
37 9 4
38 2 6
39 4 14
40 11 6
41 3 7
42 0 5
43 9 3
44 1 3
45 2 3
46 1 4
47 9 7
48 5 7
49 9 8
50 3 3
51 6 8
52 7 29
53 0 6
54 0 3
55 9 2
56 0 2
57 4 14
58 9 6
59 7 12
60 11 9
61 4 6
62 7 8
63 0 6
64 2 7
65 8 12
66 6 5
67 9 11
68 8 7
69 10 12
70 10 4
71 7 10
72 2 4
73 8 6
74 9 3
75 0 5
76 1 6
77 5 8
78 10 6
79 0 6
80 9 5
81 4 6
82 4 3
83 2 15
84 4 3
85 11 6
86 4 1
87 11 18
88 4 6
89 7 5
90 2 4
91 9 6
92 8 3
93 8 3
ORS: day OR start end
0 0 0 32
0 1 0 32
1 0 0 32
1 1 0 32
2 0 0 32
2 1 0 32
3 0 0 32
3 1 0 32
4 0 0 32
4 1 0 32
start times:
0 8 16 24
end times:
8 16 24 32
load:
2.009375