14 63 2 5
patients: ID surgeon priority leader_priority duration
0 8 11
1 8 5
2 5 18
3 11 5
4 10 3
5 4 4
6 6 6
7 11 5
8 0 25
9 5 5
10 4 5
11 1 6
12 5 7
13 8 2
14 12 6
15 6 3
16 5 18
17 12 6
18 1 1
19 9 2
20 6 9
21 9 5
22 8 1
23 12 3
24 13 2
25 7 12
26 0 1
27 2 10
28 3 7
29 4 8
30 10 2
31 5 6
32 2 3
33 1 3
34 1 6
35 0 6
36 2 7
37 4 10
38 0 11
39 0 4
40 0 6
41 1 3
42 2 3
43 1 1
44 5 5
45 1 3
46 11 3
47 4 3
48 13 3
49 2 5
50 0 13
51 7 7
52 11 6
53 3 6
54 1 3
55 12 14
56 1 10
57 1 2
58 10 4
59 7 11
60 2 7
61 12 3
62 5 1
ORS: day OR start end
0 0 0 32
0 1 0 32
1 0 0 32
1 1 0 32
2 0 0 32
2 1 0 32
3 0 0 32
3 1 0 32
4 0 0 32
4 1 0 32
start times:
0 8 16 24
end times:
8 16 24 32
load:
1.190625