10 94 2 5
patients: ID surgeon priority leader_priority duration
0 3 12
1 9 7
2 4 11
3 7 6
4 9 6
5 0 1
6 7 3
7 1 7
8 9 10
9 0 2
10 0 6
11 0 10
12 1 6
13 8 11
14 1 4
15 5 18
16 8 6
17 0 6
18 3 2
19 5 6
20 8 5
21 3 3
22 0 5
23 1 6
24 4 5
25 2 10
26 7 5
27 8 6
28 8 11
29 3 6
30 9 4
31 6 1
32 6 12
33 2 15
34 5 6
35 4 11
36 2 5
37 8 4
38 5 6
39 3 14
40 6 6
41 8 7
42 0 5
43 0 3
44 1 3
45 2 3
46 6 4
47 9 7
48 1 7
49 7 8
50 6 3
51 7 8
52 6 29
53 3 6
54 6 3
55 9 2
56 0 2
57 9 14
58 3 6
59 2 12
60 8 9
61 8 6
62 3 8
63 5 6
64 7 7
65 0 12
66 6 5
67 3 11
68 1 7
69 2 12
70 9 4
71 6 10
72 0 4
73 7 6
74 0 3
75 3 5
76 2 6
77 4 8
78 6 6
79 0 6
80 9 5
81 0 6
82 1 3
83 1 15
84 8 3
85 2 6
86 0 1
87 8 18
88 6 6
89 2 5
90 5 4
91 6 6
92 6 3
93 1 3
ORS: day OR start end
0 0 0 32
0 1 0 32
1 0 0 32
1 1 0 32
2 0 0 32
2 1 0 32
3 0 0 32
3 1 0 32
4 0 0 32
4 1 0 32
start times:
0 8 16 24
end times:
8 16 24 32
load:
2.009375