14 63 1 5
patients: ID surgeon priority leader_priority duration
0 13 15
1 1 4
2 13 17
3 13 5
4 0 10
5 5 6
6 0 9
7 3 6
8 10 15
9 7 4
10 1 2
11 3 7
12 13 3
13 12 6
14 3 4
15 10 10
16 12 6
17 10 11
18 9 1
19 12 1
20 13 7
21 9 11
22 7 6
23 12 13
24 8 1
25 1 7
26 1 4
27 8 1
28 4 5
29 7 17
30 2 18
31 8 2
32 13 1
33 3 1
34 0 5
35 7 11
36 1 3
37 9 6
38 11 3
39 8 8
40 8 5
41 7 5
42 10 1
43 13 1
44 3 6
45 4 6
46 4 10
47 12 6
48 7 7
49 3 7
50 0 6
51 13 6
52 5 12
53 0 14
54 11 16
55 8 4
56 3 8
57 11 8
58 1 9
59 0 1
60 5 3
61 12 2
62 12 1
ORS: day OR start end
0 0 0 32
1 0 0 32
2 0 0 32
3 0 0 32
4 0 0 32
start times:
0 8 16 24
end times:
8 16 24 32
load:
2.6