12 132 2 5
patients: ID surgeon priority leader_priority duration
0 8 6
1 1 18
2 11 10
3 6 4
4 5 13
5 0 6
6 2 1
7 11 21
8 4 5
9 7 4
10 6 4
11 7 6
12 8 9
13 9 3
14 5 8
15 1 5
16 9 5
17 5 2
18 9 10
19 0 6
20 5 2
21 4 7
22 3 6
23 3 8
24 0 13
25 10 8
26 4 6
27 10 5
28 10 5
29 8 6
30 11 1
31 11 7
32 8 18
33 2 1
34 9 6
35 2 2
36 9 4
37 8 3
38 7 1
39 9 16
40 11 11
41 1 2
42 7 4
43 11 2
44 3 4
45 6 3
46 8 4
47 0 1
48 0 2
49 11 15
50 3 2
51 0 4
52 0 6
53 2 5
54 9 7
55 7 7
56 8 14
57 8 8
58 1 7
59 3 3
60 10 2
61 0 12
62 1 1
63 8 5
64 2 6
65 6 10
66 4 3
67 6 6
68 5 17
69 3 4
70 4 6
71 10 3
72 9 16
73 8 3
74 2 4
75 0 10
76 0 15
77 5 7
78 11 18
79 7 3
80 9 4
81 1 4
82 4 2
83 10 6
84 8 3
85 10 6
86 6 5
87 7 3
88 5 1
89 0 2
90 11 6
91 10 2
92 0 5
93 10 6
94 4 10
95 5 10
96 7 7
97 7 6
98 7 2
99 6 18
100 10 3
101 1 5
102 7 3
103 9 3
104 2 6
105 6 11
106 11 1
107 6 3
108 4 5
109 11 13
110 7 10
111 5 2
112 7 10
113 8 1
114 8 9
115 7 4
116 7 5
117 2 5
118 5 6
119 8 4
120 9 6
121 3 5
122 11 6
123 6 8
124 4 7
125 9 13
126 11 8
127 0 1
128 5 10
129 8 8
130 4 5
131 4 8
ORS: day OR start end
0 0 0 32
0 1 0 32
1 0 0 32
1 1 0 32
2 0 0 32
2 1 0 32
3 0 0 32
3 1 0 32
4 0 0 32
4 1 0 32
start times:
0 8 16 24
end times:
8 16 24 32
load:
2.609375