14 83 2 5
patients: ID surgeon priority leader_priority duration
0 11 5
1 3 4
2 4 4
3 11 4
4 5 3
5 7 1
6 1 2
7 6 12
8 3 5
9 0 5
10 9 3
11 5 17
12 11 14
13 3 5
14 2 18
15 10 14
16 5 2
17 2 7
18 12 4
19 3 11
20 4 12
21 13 6
22 2 3
23 9 1
24 5 2
25 6 5
26 8 6
27 7 5
28 2 8
29 8 18
30 0 3
31 3 11
32 6 3
33 5 6
34 1 2
35 12 3
36 11 12
37 9 1
38 7 1
39 9 4
40 10 1
41 12 9
42 9 3
43 13 4
44 5 5
45 13 3
46 7 10
47 9 4
48 1 6
49 11 6
50 4 14
51 4 1
52 12 6
53 9 12
54 1 12
55 11 6
56 0 6
57 8 5
58 3 29
59 0 17
60 11 12
61 6 1
62 11 13
63 13 7
64 0 7
65 0 6
66 8 6
67 10 6
68 8 3
69 11 3
70 0 6
71 13 3
72 2 14
73 10 14
74 12 18
75 0 8
76 4 6
77 0 4
78 2 5
79 11 2
80 13 7
81 6 8
82 11 11
ORS: day OR start end
0 0 0 32
0 1 0 32
1 0 0 32
1 1 0 32
2 0 0 32
2 1 0 32
3 0 0 32
3 1 0 32
4 0 0 32
4 1 0 32
start times:
0 8 16 24
end times:
8 16 24 32
load:
1.815625