12 115 2 5
patients: ID surgeon priority leader_priority duration
0 10 8
1 3 2
2 1 1
3 5 17
4 5 4
5 5 5
6 10 6
7 1 4
8 0 15
9 3 9
10 6 2
11 8 4
12 6 10
13 1 4
14 10 5
15 8 1
16 9 11
17 5 2
18 3 10
19 9 6
20 7 8
21 3 17
22 3 2
23 0 6
24 10 6
25 10 6
26 11 3
27 3 12
28 6 5
29 5 6
30 7 1
31 11 4
32 7 10
33 3 6
34 10 4
35 0 8
36 2 4
37 3 14
38 11 4
39 0 7
40 7 14
41 1 14
42 1 7
43 3 6
44 11 10
45 0 3
46 11 6
47 5 6
48 10 2
49 4 4
50 1 3
51 6 8
52 4 6
53 6 18
54 4 4
55 11 11
56 8 14
57 3 4
58 3 4
59 1 6
60 6 7
61 2 18
62 10 1
63 6 2
64 3 4
65 0 6
66 5 15
67 7 13
68 0 7
69 5 3
70 4 5
71 4 7
72 9 3
73 0 6
74 4 2
75 5 5
76 11 6
77 11 4
78 11 6
79 8 5
80 10 6
81 5 3
82 3 5
83 0 10
84 1 6
85 1 3
86 7 18
87 2 1
88 9 4
89 2 4
90 0 1
91 3 10
92 1 8
93 0 3
94 7 5
95 1 4
96 1 4
97 3 1
98 10 7
99 8 3
100 7 8
101 11 4
102 1 4
103 4 18
104 9 7
105 9 18
106 8 13
107 10 5
108 9 6
109 6 11
110 3 7
111 2 6
112 0 9
113 8 13
114 9 5
ORS: day OR start end
0 0 0 32
0 1 0 32
1 0 0 32
1 1 0 32
2 0 0 32
2 1 0 32
3 0 0 32
3 1 0 32
4 0 0 32
4 1 0 32
start times:
0 8 16 24
end times:
8 16 24 32
load:
2.41875