10 132 2 5
patients: ID surgeon priority leader_priority duration
0 0 6
1 8 18
2 3 10
3 5 4
4 9 13
5 8 6
6 1 1
7 6 21
8 5 5
9 0 4
10 5 4
11 2 6
12 8 9
13 2 3
14 0 8
15 3 5
16 8 5
17 1 2
18 5 10
19 6 6
20 5 2
21 6 7
22 0 6
23 4 8
24 4 13
25 6 8
26 4 6
27 9 5
28 6 5
29 9 6
30 2 1
31 8 7
32 3 18
33 2 1
34 4 6
35 8 2
36 4 4
37 7 3
38 7 1
39 3 16
40 9 11
41 2 2
42 0 4
43 2 2
44 3 4
45 9 3
46 3 4
47 2 1
48 2 2
49 3 15
50 1 2
51 4 4
52 6 6
53 4 5
54 0 7
55 7 7
56 5 14
57 8 8
58 1 7
59 9 3
60 9 2
61 0 12
62 5 1
63 5 5
64 5 6
65 0 10
66 9 3
67 3 6
68 4 17
69 8 4
70 3 6
71 2 3
72 9 16
73 0 3
74 2 4
75 5 10
76 9 15
77 9 7
78 9 18
79 3 3
80 1 4
81 0 4
82 9 2
83 3 6
84 6 3
85 2 6
86 9 5
87 6 3
88 8 1
89 4 2
90 8 6
91 7 2
92 1 5
93 1 6
94 1 10
95 7 10
96 4 7
97 7 6
98 0 2
99 5 18
100 1 3
101 3 5
102 2 3
103 0 3
104 9 6
105 1 11
106 3 1
107 2 3
108 4 5
109 4 13
110 3 10
111 0 2
112 0 10
113 4 1
114 3 9
115 3 4
116 8 5
117 5 5
118 9 6
119 7 4
120 5 6
121 3 5
122 4 6
123 5 8
124 8 7
125 6 13
126 8 8
127 3 1
128 0 10
129 4 8
130 3 5
131 1 8
ORS: day OR start end
0 0 0 32
0 1 0 32
1 0 0 32
1 1 0 32
2 0 0 32
2 1 0 32
3 0 0 32
3 1 0 32
4 0 0 32
4 1 0 32
start times:
0 8 16 24
end times:
8 16 24 32
load:
2.609375