20 94 2 5
patients: ID surgeon priority leader_priority duration
0 0 12
1 16 7
2 16 11
3 15 6
4 3 6
5 15 1
6 11 3
7 19 7
8 6 10
9 18 2
10 7 6
11 16 10
12 9 6
13 15 11
14 2 4
15 11 18
16 12 6
17 4 6
18 5 2
19 10 6
20 9 5
21 10 3
22 12 5
23 1 6
24 0 5
25 14 10
26 2 5
27 8 6
28 15 11
29 11 6
30 0 4
31 10 1
32 14 12
33 3 15
34 14 6
35 4 11
36 16 5
37 2 4
38 6 6
39 3 14
40 18 6
41 17 7
42 7 5
43 0 3
44 18 3
45 1 3
46 19 4
47 16 7
48 14 7
49 1 8
50 12 3
51 11 8
52 12 29
53 4 6
54 11 3
55 0 2
56 3 2
57 18 14
58 5 6
59 1 12
60 13 9
61 17 6
62 13 8
63 9 6
64 4 7
65 16 12
66 14 5
67 0 11
68 8 7
69 7 12
70 18 4
71 16 10
72 18 4
73 14 6
74 7 3
75 12 5
76 4 6
77 5 8
78 13 6
79 14 6
80 9 5
81 4 6
82 4 3
83 9 15
84 14 3
85 13 6
86 9 1
87 15 18
88 11 6
89 0 5
90 6 4
91 5 6
92 4 3
93 17 3
ORS: day OR start end
0 0 0 32
0 1 0 32
1 0 0 32
1 1 0 32
2 0 0 32
2 1 0 32
3 0 0 32
3 1 0 32
4 0 0 32
4 1 0 32
start times:
0 8 16 24
end times:
8 16 24 32
load:
2.009375