14 58 2 5
patients: ID surgeon priority leader_priority duration
0 13 6
1 4 12
2 2 3
3 1 18
4 1 10
5 4 4
6 6 7
7 12 6
8 4 10
9 11 6
10 9 12
11 3 1
12 2 4
13 12 4
14 10 6
15 10 3
16 13 1
17 6 5
18 3 2
19 0 10
20 5 6
21 5 6
22 11 4
23 5 3
24 8 7
25 4 11
26 9 3
27 11 2
28 3 6
29 10 4
30 0 13
31 8 5
32 12 13
33 8 28
34 6 6
35 0 10
36 2 2
37 11 10
38 1 6
39 10 2
40 8 5
41 12 5
42 10 4
43 4 11
44 13 6
45 10 4
46 11 7
47 6 7
48 7 1
49 5 6
50 2 5
51 10 6
52 10 6
53 11 13
54 7 2
55 9 10
56 7 3
57 0 11
ORS: day OR start end
0 0 0 32
0 1 0 32
1 0 0 32
1 1 0 32
2 0 0 32
2 1 0 32
3 0 0 32
3 1 0 32
4 0 0 32
4 1 0 32
start times:
0 8 16 24
end times:
8 16 24 32
load:
1.215625