12 48 1 5
patients: ID surgeon priority leader_priority duration
0 7 4
1 2 3
2 5 8
3 5 3
4 3 14
5 11 6
6 0 18
7 11 5
8 7 6
9 4 2
10 5 5
11 1 1
12 5 6
13 10 12
14 5 2
15 2 8
16 8 4
17 2 6
18 0 18
19 4 2
20 11 6
21 0 2
22 8 2
23 8 3
24 2 18
25 5 1
26 11 7
27 8 3
28 5 1
29 4 6
30 7 2
31 1 3
32 8 6
33 0 8
34 1 24
35 0 11
36 11 4
37 3 6
38 7 10
39 2 1
40 0 10
41 3 1
42 5 2
43 2 6
44 4 20
45 0 13
46 2 4
47 11 7
ORS: day OR start end
0 0 0 32
1 0 0 32
2 0 0 32
3 0 0 32
4 0 0 32
start times:
0 8 16 24
end times:
8 16 24 32
load:
2.0