14 66 1 5
patients: ID surgeon priority leader_priority duration
0 5 7
1 9 10
2 0 2
3 0 6
4 12 4
5 4 5
6 2 1
7 5 11
8 9 5
9 1 6
10 11 10
11 1 4
12 2 5
13 0 5
14 8 10
15 6 1
16 13 6
17 4 10
18 6 3
19 5 10
20 10 12
21 7 7
22 4 6
23 13 5
24 1 8
25 3 3
26 1 6
27 12 12
28 8 5
29 13 16
30 1 7
31 7 2
32 7 2
33 13 9
34 3 7
35 6 2
36 1 11
37 5 6
38 7 4
39 12 4
40 6 16
41 10 1
42 8 1
43 0 7
44 6 11
45 11 9
46 10 3
47 1 3
48 12 4
49 4 4
50 2 2
51 3 5
52 6 4
53 8 7
54 11 6
55 11 1
56 11 7
57 6 4
58 5 3
59 13 3
60 9 18
61 0 3
62 3 4
63 3 2
64 9 1
65 9 1
ORS: day OR start end
0 0 0 32
1 0 0 32
2 0 0 32
3 0 0 32
4 0 0 32
start times:
0 8 16 24
end times:
8 16 24 32
load:
2.40625