14 48 1 5
patients: ID surgeon priority leader_priority duration
0 13 4
1 6 3
2 1 8
3 0 3
4 1 14
5 3 6
6 6 18
7 12 5
8 11 6
9 5 2
10 13 5
11 0 1
12 2 6
13 5 12
14 0 2
15 13 8
16 10 4
17 12 6
18 2 18
19 9 2
20 7 6
21 1 2
22 12 2
23 10 3
24 5 18
25 11 1
26 3 7
27 11 3
28 1 1
29 13 6
30 12 2
31 3 3
32 13 6
33 4 8
34 2 24
35 8 11
36 1 4
37 5 6
38 10 10
39 0 1
40 7 10
41 2 1
42 7 2
43 2 6
44 7 20
45 11 13
46 9 4
47 11 7
ORS: day OR start end
0 0 0 32
1 0 0 32
2 0 0 32
3 0 0 32
4 0 0 32
start times:
0 8 16 24
end times:
8 16 24 32
load:
2.0