10 63 1 5
patients: ID surgeon priority leader_priority duration
0 4 30
1 3 2
2 8 4
3 1 4
4 7 6
5 2 7
6 7 8
7 5 14
8 9 5
9 7 9
10 3 13
11 9 6
12 8 8
13 4 3
14 8 2
15 2 10
16 1 1
17 1 5
18 1 7
19 8 3
20 0 15
21 4 5
22 6 14
23 7 5
24 3 7
25 6 8
26 6 18
27 7 3
28 0 4
29 9 5
30 7 6
31 7 3
32 3 4
33 7 10
34 0 3
35 8 10
36 4 8
37 8 3
38 6 18
39 5 3
40 2 1
41 7 13
42 0 4
43 8 4
44 6 5
45 4 5
46 3 3
47 3 3
48 3 8
49 8 2
50 4 3
51 8 3
52 3 12
53 2 5
54 6 10
55 1 3
56 2 2
57 0 3
58 4 2
59 3 3
60 5 6
61 7 11
62 6 3
ORS: day OR start end
0 0 0 32
1 0 0 32
2 0 0 32
3 0 0 32
4 0 0 32
start times:
0 8 16 24
end times:
8 16 24 32
load:
2.58125