20 189 4 5
patients: ID surgeon priority leader_priority duration
0 16 9
1 1 4
2 3 6
3 14 6
4 2 20
5 10 2
6 7 6
7 15 4
8 0 12
9 9 5
10 10 11
11 6 5
12 18 11
13 11 3
14 16 10
15 6 5
16 8 4
17 5 3
18 16 3
19 8 6
20 4 12
21 11 4
22 8 10
23 11 18
24 13 16
25 11 6
26 5 10
27 16 16
28 0 1
29 5 3
30 16 6
31 6 6
32 12 7
33 5 18
34 11 10
35 15 6
36 2 1
37 9 5
38 3 2
39 9 6
40 14 5
41 18 14
42 16 16
43 10 4
44 16 12
45 11 3
46 7 3
47 19 11
48 2 6
49 12 6
50 9 1
51 0 4
52 16 4
53 9 2
54 4 4
55 9 4
56 0 6
57 11 5
58 8 2
59 4 8
60 19 18
61 14 13
62 8 9
63 12 3
64 19 2
65 9 16
66 8 3
67 17 19
68 10 11
69 6 7
70 14 13
71 2 6
72 9 4
73 14 13
74 9 7
75 10 6
76 14 7
77 11 4
78 18 3
79 9 7
80 14 2
81 8 5
82 11 10
83 15 7
84 8 10
85 14 2
86 18 8
87 1 10
88 4 2
89 2 3
90 10 10
91 11 1
92 8 11
93 10 8
94 3 10
95 7 6
96 6 10
97 2 16
98 4 3
99 9 18
100 17 3
101 0 2
102 15 6
103 11 7
104 9 5
105 19 17
106 6 6
107 17 13
108 7 10
109 10 2
110 8 4
111 16 2
112 11 3
113 19 2
114 16 6
115 1 1
116 7 9
117 7 3
118 6 2
119 0 18
120 19 4
121 10 14
122 4 1
123 5 2
124 11 1
125 7 9
126 8 6
127 9 4
128 5 14
129 11 4
130 8 2
131 15 11
132 5 8
133 4 4
134 19 3
135 7 16
136 12 3
137 12 6
138 14 6
139 5 5
140 14 3
141 18 2
142 3 8
143 10 7
144 14 14
145 10 8
146 9 3
147 16 1
148 0 12
149 14 5
150 18 3
151 4 10
152 6 3
153 11 2
154 4 3
155 16 1
156 3 8
157 6 6
158 12 5
159 3 4
160 11 5
161 9 3
162 4 16
163 11 3
164 17 28
165 2 1
166 17 7
167 10 7
168 7 6
169 9 1
170 17 17
171 7 1
172 3 2
173 14 3
174 16 3
175 18 7
176 19 3
177 1 6
178 1 3
179 9 5
180 1 4
181 8 8
182 16 10
183 1 9
184 7 3
185 11 5
186 7 6
187 8 12
188 19 3
ORS: day OR start end
0 0 0 32
0 1 0 32
0 2 0 32
0 3 0 32
1 0 0 32
1 1 0 32
1 2 0 32
1 3 0 32
2 0 0 32
2 1 0 32
2 2 0 32
2 3 0 32
3 0 0 32
3 1 0 32
3 2 0 32
3 3 0 32
4 0 0 32
4 1 0 32
4 2 0 32
4 3 0 32
start times:
0 8 16 24
end times:
8 16 24 32
load:
2.0