12 62 1 5
patients: ID surgeon priority leader_priority duration
0 4 7
1 11 1
2 1 6
3 5 6
4 6 2
5 4 11
6 4 3
7 6 1
8 0 18
9 8 3
10 6 6
11 10 3
12 0 4
13 2 10
14 4 2
15 9 2
16 10 6
17 0 3
18 4 3
19 2 4
20 1 7
21 1 5
22 8 3
23 8 6
24 2 7
25 3 5
26 8 3
27 11 3
28 0 14
29 10 3
30 0 3
31 7 3
32 7 4
33 8 7
34 6 7
35 8 4
36 4 3
37 4 5
38 2 5
39 6 13
40 3 4
41 2 18
42 9 5
43 7 3
44 3 4
45 8 10
46 1 10
47 10 6
48 4 2
49 6 3
50 0 4
51 10 10
52 1 4
53 6 15
54 3 10
55 1 6
56 10 4
57 6 3
58 1 5
59 0 8
60 1 6
61 5 5
ORS: day OR start end
0 0 0 32
1 0 0 32
2 0 0 32
3 0 0 32
4 0 0 32
start times:
0 8 16 24
end times:
8 16 24 32
load:
2.225