14 74 2 5
patients: ID surgeon priority leader_priority duration
0 2 6
1 11 4
2 12 10
3 1 11
4 0 10
5 1 2
6 5 10
7 13 10
8 1 13
9 1 13
10 1 10
11 4 2
12 1 3
13 0 5
14 0 10
15 6 2
16 3 7
17 12 3
18 9 6
19 8 5
20 4 21
21 9 7
22 10 18
23 4 3
24 6 6
25 12 12
26 6 6
27 12 18
28 12 1
29 0 7
30 0 6
31 1 6
32 9 6
33 4 6
34 2 1
35 6 1
36 4 6
37 8 6
38 9 6
39 3 6
40 1 6
41 7 3
42 7 10
43 7 20
44 12 3
45 4 5
46 5 18
47 4 6
48 11 30
49 12 4
50 12 11
51 4 7
52 4 6
53 8 10
54 11 6
55 11 7
56 1 16
57 12 11
58 12 3
59 2 4
60 6 6
61 10 14
62 4 1
63 6 11
64 3 4
65 9 13
66 11 2
67 8 6
68 0 11
69 3 2
70 1 5
71 5 6
72 5 11
73 1 12
ORS: day OR start end
0 0 0 32
0 1 0 32
1 0 0 32
1 1 0 32
2 0 0 32
2 1 0 32
3 0 0 32
3 1 0 32
4 0 0 32
4 1 0 32
start times:
0 8 16 24
end times:
8 16 24 32
load:
1.815625