14 62 1 5
patients: ID surgeon priority leader_priority duration
0 12 7
1 12 1
2 2 6
3 12 6
4 13 2
5 12 11
6 12 3
7 4 1
8 8 18
9 3 3
10 5 6
11 9 3
12 2 4
13 5 10
14 10 2
15 6 2
16 8 6
17 10 3
18 7 3
19 0 4
20 12 7
21 1 5
22 0 3
23 7 6
24 8 7
25 3 5
26 3 3
27 7 3
28 10 14
29 11 3
30 12 3
31 0 3
32 13 4
33 12 7
34 4 7
35 4 4
36 1 3
37 8 5
38 6 5
39 1 13
40 4 4
41 9 18
42 10 5
43 7 3
44 4 4
45 12 10
46 5 10
47 2 6
48 8 2
49 3 3
50 4 4
51 12 10
52 3 4
53 3 15
54 11 10
55 12 6
56 9 4
57 2 3
58 4 5
59 10 8
60 8 6
61 4 5
ORS: day OR start end
0 0 0 32
1 0 0 32
2 0 0 32
3 0 0 32
4 0 0 32
start times:
0 8 16 24
end times:
8 16 24 32
load:
2.225