20 178 4 5
patients: ID surgeon priority leader_priority duration
0 10 12
1 0 29
2 4 2
3 19 4
4 9 3
5 10 2
6 4 20
7 10 1
8 18 18
9 10 3
10 18 3
11 6 1
12 9 5
13 7 6
14 9 14
15 8 9
16 2 13
17 10 2
18 3 1
19 12 4
20 16 2
21 10 6
22 12 11
23 14 6
24 14 17
25 12 7
26 8 5
27 17 7
28 6 10
29 10 1
30 13 14
31 18 5
32 14 3
33 7 11
34 5 1
35 17 4
36 10 2
37 11 3
38 10 14
39 17 1
40 12 6
41 4 7
42 8 3
43 12 4
44 16 2
45 3 3
46 3 4
47 18 7
48 2 6
49 18 10
50 0 6
51 9 1
52 1 13
53 12 4
54 3 8
55 9 1
56 7 3
57 19 5
58 6 7
59 14 3
60 16 10
61 19 5
62 19 4
63 6 8
64 9 6
65 5 8
66 3 5
67 8 7
68 7 13
69 4 2
70 14 6
71 11 6
72 15 7
73 6 4
74 9 6
75 10 4
76 11 12
77 3 13
78 1 6
79 6 6
80 13 18
81 19 9
82 15 18
83 8 8
84 9 1
85 6 10
86 12 3
87 2 8
88 4 1
89 7 5
90 12 7
91 19 6
92 12 6
93 18 1
94 1 1
95 5 5
96 7 6
97 18 18
98 13 2
99 16 2
100 4 11
101 14 6
102 19 1
103 7 2
104 8 6
105 6 11
106 12 6
107 14 5
108 6 4
109 7 12
110 16 5
111 15 5
112 2 18
113 5 5
114 13 6
115 15 4
116 1 8
117 0 4
118 17 3
119 3 7
120 19 4
121 9 4
122 9 5
123 13 18
124 12 11
125 10 14
126 19 16
127 10 14
128 9 16
129 15 6
130 10 10
131 13 4
132 16 5
133 14 3
134 3 5
135 7 5
136 14 3
137 11 5
138 19 2
139 12 2
140 14 4
141 13 6
142 19 6
143 8 12
144 4 5
145 13 3
146 0 5
147 0 2
148 15 3
149 13 4
150 11 2
151 9 12
152 6 8
153 13 2
154 10 2
155 16 11
156 14 18
157 14 5
158 10 6
159 3 1
160 4 5
161 16 7
162 17 1
163 14 2
164 8 4
165 5 4
166 13 6
167 16 5
168 5 5
169 19 2
170 18 1
171 2 7
172 18 3
173 2 3
174 14 30
175 6 6
176 8 3
177 11 9
ORS: day OR start end
0 0 0 32
0 1 0 32
0 2 0 32
0 3 0 32
1 0 0 32
1 1 0 32
1 2 0 32
1 3 0 32
2 0 0 32
2 1 0 32
2 2 0 32
2 3 0 32
3 0 0 32
3 1 0 32
3 2 0 32
3 3 0 32
4 0 0 32
4 1 0 32
4 2 0 32
4 3 0 32
start times:
0 8 16 24
end times:
8 16 24 32
load:
1.8109375