20 113 4 5
patients: ID surgeon priority leader_priority duration
0 5 2
1 6 18
2 14 6
3 1 8
4 10 3
5 16 14
6 3 7
7 8 3
8 14 5
9 3 7
10 13 18
11 9 5
12 8 6
13 7 2
14 14 5
15 12 6
16 12 13
17 12 10
18 12 10
19 16 4
20 3 15
21 18 10
22 19 2
23 1 4
24 2 12
25 7 11
26 13 4
27 8 3
28 11 3
29 1 30
30 16 6
31 7 5
32 5 6
33 17 5
34 2 16
35 11 6
36 11 6
37 5 11
38 6 6
39 8 2
40 5 3
41 13 6
42 15 12
43 16 3
44 3 8
45 4 10
46 2 11
47 4 3
48 15 5
49 1 10
50 17 2
51 2 7
52 17 5
53 11 1
54 10 5
55 8 1
56 19 2
57 5 1
58 8 6
59 17 3
60 7 11
61 3 6
62 5 3
63 18 13
64 5 9
65 18 4
66 16 4
67 7 3
68 19 5
69 3 3
70 16 14
71 19 3
72 9 4
73 3 1
74 5 10
75 3 6
76 19 21
77 11 4
78 2 6
79 16 1
80 9 1
81 19 8
82 13 2
83 16 6
84 19 5
85 6 6
86 0 3
87 8 12
88 11 2
89 4 4
90 16 13
91 9 4
92 5 18
93 0 6
94 19 16
95 10 2
96 0 6
97 9 4
98 2 15
99 18 12
100 17 13
101 6 4
102 15 3
103 10 1
104 15 2
105 15 6
106 0 3
107 0 6
108 2 18
109 19 9
110 14 3
111 0 4
112 1 1
ORS: day OR start end
0 0 0 32
0 1 0 32
0 2 0 32
0 3 0 32
1 0 0 32
1 1 0 32
1 2 0 32
1 3 0 32
2 0 0 32
2 1 0 32
2 2 0 32
2 3 0 32
3 0 0 32
3 1 0 32
3 2 0 32
3 3 0 32
4 0 0 32
4 1 0 32
4 2 0 32
4 3 0 32
start times:
0 8 16 24
end times:
8 16 24 32
load:
1.2