10 62 1 5
patients: ID surgeon priority leader_priority duration
0 2 7
1 5 1
2 9 6
3 7 6
4 0 2
5 4 11
6 5 3
7 3 1
8 6 18
9 4 3
10 5 6
11 4 3
12 8 4
13 1 10
14 1 2
15 1 2
16 3 6
17 1 3
18 0 3
19 0 4
20 4 7
21 4 5
22 8 3
23 7 6
24 5 7
25 5 5
26 9 3
27 0 3
28 7 14
29 0 3
30 9 3
31 8 3
32 3 4
33 0 7
34 7 7
35 4 4
36 9 3
37 3 5
38 5 5
39 9 13
40 0 4
41 1 18
42 6 5
43 2 3
44 7 4
45 3 10
46 7 10
47 3 6
48 8 2
49 2 3
50 7 4
51 7 10
52 2 4
53 2 15
54 6 10
55 8 6
56 6 4
57 9 3
58 4 5
59 9 8
60 0 6
61 5 5
ORS: day OR start end
0 0 0 32
1 0 0 32
2 0 0 32
3 0 0 32
4 0 0 32
start times:
0 8 16 24
end times:
8 16 24 32
load:
2.225