10 48 1 5
patients: ID surgeon priority leader_priority duration
0 9 4
1 1 3
2 9 8
3 5 3
4 5 14
5 2 6
6 3 18
7 2 5
8 8 6
9 2 2
10 0 5
11 7 1
12 9 6
13 4 12
14 8 2
15 3 8
16 1 4
17 5 6
18 2 18
19 1 2
20 3 6
21 5 2
22 3 2
23 3 3
24 0 18
25 7 1
26 2 7
27 7 3
28 0 1
29 1 6
30 1 2
31 5 3
32 9 6
33 4 8
34 0 24
35 4 11
36 1 4
37 6 6
38 1 10
39 8 1
40 4 10
41 9 1
42 0 2
43 8 6
44 2 20
45 6 13
46 8 4
47 1 7
ORS: day OR start end
0 0 0 32
1 0 0 32
2 0 0 32
3 0 0 32
4 0 0 32
start times:
0 8 16 24
end times:
8 16 24 32
load:
2.0