12 66 1 5
patients: ID surgeon priority leader_priority duration
0 7 7
1 3 10
2 0 2
3 1 6
4 0 4
5 9 5
6 9 1
7 2 11
8 1 5
9 3 6
10 7 10
11 4 4
12 3 5
13 2 5
14 8 10
15 5 1
16 1 6
17 3 10
18 3 3
19 7 10
20 7 12
21 9 7
22 11 6
23 11 5
24 2 8
25 3 3
26 1 6
27 1 12
28 8 5
29 3 16
30 7 7
31 10 2
32 8 2
33 7 9
34 2 7
35 7 2
36 11 11
37 5 6
38 8 4
39 8 4
40 3 16
41 9 1
42 9 1
43 11 7
44 2 11
45 10 9
46 2 3
47 7 3
48 10 4
49 5 4
50 3 2
51 2 5
52 10 4
53 11 7
54 1 6
55 0 1
56 10 7
57 5 4
58 10 3
59 8 3
60 0 18
61 5 3
62 8 4
63 10 2
64 5 1
65 5 1
ORS: day OR start end
0 0 0 32
1 0 0 32
2 0 0 32
3 0 0 32
4 0 0 32
start times:
0 8 16 24
end times:
8 16 24 32
load:
2.40625