14 63 1 5
patients: ID surgeon priority leader_priority duration
0 9 30
1 7 2
2 4 4
3 1 4
4 5 6
5 0 7
6 7 8
7 0 14
8 2 5
9 5 9
10 10 13
11 0 6
12 0 8
13 11 3
14 7 2
15 10 10
16 10 1
17 5 5
18 8 7
19 6 3
20 5 15
21 6 5
22 6 14
23 13 5
24 13 7
25 4 8
26 10 18
27 4 3
28 8 4
29 10 5
30 7 6
31 4 3
32 10 4
33 2 10
34 4 3
35 3 10
36 9 8
37 10 3
38 9 18
39 9 3
40 2 1
41 7 13
42 13 4
43 6 4
44 10 5
45 7 5
46 7 3
47 5 3
48 2 8
49 12 2
50 2 3
51 7 3
52 8 12
53 4 5
54 2 10
55 6 3
56 4 2
57 12 3
58 5 2
59 12 3
60 12 6
61 9 11
62 3 3
ORS: day OR start end
0 0 0 32
1 0 0 32
2 0 0 32
3 0 0 32
4 0 0 32
start times:
0 8 16 24
end times:
8 16 24 32
load:
2.58125