14 71 2 5
patients: ID surgeon priority leader_priority duration
0 11 10
1 5 2
2 2 5
3 2 6
4 1 6
5 2 6
6 8 7
7 3 12
8 12 4
9 9 14
10 9 6
11 0 4
12 4 2
13 13 11
14 1 5
15 2 4
16 0 11
17 13 5
18 4 4
19 0 7
20 3 2
21 3 3
22 2 14
23 4 8
24 10 1
25 12 2
26 12 2
27 0 7
28 1 2
29 0 2
30 3 4
31 4 11
32 3 2
33 3 6
34 11 10
35 9 5
36 4 17
37 12 5
38 3 5
39 5 6
40 10 6
41 1 10
42 12 4
43 2 4
44 10 6
45 11 11
46 4 5
47 8 4
48 7 5
49 2 12
50 2 1
51 10 7
52 7 6
53 4 8
54 8 7
55 0 18
56 1 6
57 12 3
58 10 10
59 5 10
60 13 13
61 0 7
62 7 18
63 12 1
64 0 17
65 13 6
66 5 10
67 9 7
68 6 10
69 6 3
70 0 1
ORS: day OR start end
0 0 0 32
0 1 0 32
1 0 0 32
1 1 0 32
2 0 0 32
2 1 0 32
3 0 0 32
3 1 0 32
4 0 0 32
4 1 0 32
start times:
0 8 16 24
end times:
8 16 24 32
load:
1.503125