12 61 1 5
patients: ID surgeon priority leader_priority duration
0 5 4
1 5 3
2 0 12
3 3 4
4 11 3
5 9 10
6 10 3
7 9 4
8 2 6
9 3 5
10 8 1
11 7 4
12 6 2
13 5 10
14 2 4
15 4 6
16 6 11
17 1 7
18 8 19
19 9 3
20 0 3
21 1 11
22 3 3
23 5 1
24 7 15
25 5 1
26 11 14
27 2 4
28 2 6
29 5 3
30 11 15
31 5 8
32 6 7
33 7 14
34 2 7
35 1 1
36 9 6
37 3 10
38 6 7
39 8 2
40 0 2
41 7 5
42 10 6
43 10 1
44 4 13
45 1 2
46 9 17
47 0 5
48 11 10
49 10 8
50 2 3
51 2 3
52 6 11
53 5 14
54 5 1
55 8 2
56 3 5
57 1 3
58 2 14
59 10 1
60 4 16
ORS: day OR start end
0 0 0 32
1 0 0 32
2 0 0 32
3 0 0 32
4 0 0 32
start times:
0 8 16 24
end times:
8 16 24 32
load:
2.50625