12 63 1 5
patients: ID surgeon priority leader_priority duration
0 7 30
1 11 2
2 9 4
3 10 4
4 6 6
5 2 7
6 5 8
7 4 14
8 3 5
9 6 9
10 3 13
11 11 6
12 1 8
13 11 3
14 1 2
15 2 10
16 7 1
17 9 5
18 3 7
19 9 3
20 0 15
21 4 5
22 6 14
23 6 5
24 7 7
25 1 8
26 5 18
27 1 3
28 7 4
29 9 5
30 2 6
31 6 3
32 2 4
33 10 10
34 4 3
35 9 10
36 1 8
37 6 3
38 11 18
39 2 3
40 0 1
41 9 13
42 3 4
43 6 4
44 10 5
45 7 5
46 11 3
47 3 3
48 7 8
49 1 2
50 6 3
51 1 3
52 8 12
53 11 5
54 4 10
55 4 3
56 2 2
57 6 3
58 3 2
59 11 3
60 4 6
61 10 11
62 7 3
ORS: day OR start end
0 0 0 32
1 0 0 32
2 0 0 32
3 0 0 32
4 0 0 32
start times:
0 8 16 24
end times:
8 16 24 32
load:
2.58125