8 63 1 5
patients: ID surgeon priority leader_priority duration
0 7 30
1 0 2
2 3 4
3 5 4
4 6 6
5 6 7
6 6 8
7 2 14
8 2 5
9 7 9
10 3 13
11 0 6
12 3 8
13 0 3
14 4 2
15 1 10
16 4 1
17 5 5
18 1 7
19 0 3
20 0 15
21 7 5
22 3 14
23 7 5
24 2 7
25 1 8
26 7 18
27 1 3
28 4 4
29 7 5
30 2 6
31 5 3
32 4 4
33 7 10
34 3 3
35 3 10
36 7 8
37 0 3
38 5 18
39 7 3
40 6 1
41 0 13
42 6 4
43 5 4
44 6 5
45 0 5
46 7 3
47 5 3
48 2 8
49 6 2
50 3 3
51 2 3
52 4 12
53 7 5
54 6 10
55 4 3
56 2 2
57 1 3
58 3 2
59 2 3
60 7 6
61 3 11
62 5 3
ORS: day OR start end
0 0 0 32
1 0 0 32
2 0 0 32
3 0 0 32
4 0 0 32
start times:
0 8 16 24
end times:
8 16 24 32
load:
2.58125