10 66 1 5
patients: ID surgeon priority leader_priority duration
0 5 7
1 6 10
2 4 2
3 7 6
4 7 4
5 0 5
6 7 1
7 5 11
8 7 5
9 8 6
10 4 10
11 0 4
12 3 5
13 8 5
14 5 10
15 9 1
16 7 6
17 8 10
18 4 3
19 3 10
20 1 12
21 1 7
22 1 6
23 9 5
24 7 8
25 4 3
26 4 6
27 4 12
28 3 5
29 9 16
30 4 7
31 2 2
32 7 2
33 0 9
34 8 7
35 4 2
36 4 11
37 2 6
38 0 4
39 9 4
40 9 16
41 1 1
42 4 1
43 3 7
44 5 11
45 4 9
46 7 3
47 1 3
48 6 4
49 8 4
50 3 2
51 9 5
52 3 4
53 0 7
54 6 6
55 4 1
56 2 7
57 1 4
58 2 3
59 7 3
60 0 18
61 3 3
62 3 4
63 5 2
64 5 1
65 1 1
ORS: day OR start end
0 0 0 32
1 0 0 32
2 0 0 32
3 0 0 32
4 0 0 32
start times:
0 8 16 24
end times:
8 16 24 32
load:
2.40625