14 59 1 5
patients: ID surgeon priority leader_priority duration
0 6 7
1 13 5
2 11 1
3 7 4
4 4 2
5 9 1
6 5 1
7 3 3
8 3 16
9 12 2
10 0 14
11 3 5
12 0 1
13 8 4
14 0 2
15 1 7
16 3 4
17 0 6
18 2 2
19 12 6
20 11 1
21 1 8
22 5 3
23 9 17
24 0 2
25 10 8
26 8 6
27 11 14
28 12 1
29 5 3
30 11 6
31 7 2
32 11 6
33 6 14
34 0 2
35 13 3
36 5 4
37 7 10
38 4 3
39 2 10
40 10 3
41 11 6
42 0 3
43 4 3
44 7 6
45 1 15
46 3 3
47 9 6
48 5 8
49 9 8
50 12 2
51 0 15
52 11 6
53 13 4
54 11 8
55 12 1
56 10 1
57 13 1
58 1 1
ORS: day OR start end
0 0 0 32
1 0 0 32
2 0 0 32
3 0 0 32
4 0 0 32
start times:
0 8 16 24
end times:
8 16 24 32
load:
1.975