10 53 1 5
patients: ID surgeon priority leader_priority duration
0 1 3
1 2 15
2 5 3
3 9 25
4 2 5
5 9 10
6 0 10
7 0 7
8 2 1
9 8 21
10 1 7
11 3 10
12 9 10
13 9 6
14 4 7
15 2 1
16 9 3
17 0 1
18 4 7
19 3 7
20 0 2
21 3 6
22 5 3
23 6 3
24 9 6
25 6 1
26 2 6
27 2 6
28 4 4
29 4 4
30 0 14
31 9 10
32 7 7
33 9 7
34 7 10
35 4 7
36 8 3
37 8 5
38 8 1
39 3 10
40 0 14
41 3 5
42 0 6
43 2 14
44 7 10
45 9 6
46 9 9
47 9 6
48 1 14
49 1 6
50 1 2
51 6 16
52 3 4
ORS: day OR start end
0 0 0 32
1 0 0 32
2 0 0 32
3 0 0 32
4 0 0 32
start times:
0 8 16 24
end times:
8 16 24 32
load:
2.4125