10 48 1 5
patients: ID surgeon priority leader_priority duration
0 9 6
1 3 10
2 0 18
3 3 4
4 4 6
5 4 18
6 9 10
7 2 7
8 4 6
9 0 4
10 3 6
11 7 6
12 5 11
13 8 1
14 7 7
15 8 9
16 3 10
17 0 6
18 5 6
19 3 11
20 7 11
21 7 2
22 3 3
23 8 7
24 4 1
25 3 3
26 7 3
27 4 4
28 1 6
29 6 3
30 9 14
31 9 6
32 5 5
33 3 6
34 7 3
35 1 5
36 0 6
37 1 2
38 4 12
39 1 16
40 0 11
41 5 8
42 9 13
43 2 5
44 3 4
45 5 18
46 3 10
47 4 5
ORS: day OR start end
0 0 0 32
1 0 0 32
2 0 0 32
3 0 0 32
4 0 0 32
start times:
0 8 16 24
end times:
8 16 24 32
load:
2.2125