14 53 1 5
patients: ID surgeon priority leader_priority duration
0 8 3
1 6 15
2 7 3
3 2 25
4 8 5
5 2 10
6 11 10
7 1 7
8 7 1
9 12 21
10 2 7
11 6 10
12 8 10
13 9 6
14 4 7
15 0 1
16 8 3
17 6 1
18 12 7
19 5 7
20 13 2
21 11 6
22 5 3
23 6 3
24 3 6
25 8 1
26 8 6
27 6 6
28 10 4
29 6 4
30 10 14
31 2 10
32 11 7
33 9 7
34 1 10
35 11 7
36 4 3
37 6 5
38 2 1
39 5 10
40 6 14
41 0 5
42 11 6
43 11 14
44 1 10
45 11 6
46 1 9
47 13 6
48 12 14
49 2 6
50 2 2
51 8 16
52 7 4
ORS: day OR start end
0 0 0 32
1 0 0 32
2 0 0 32
3 0 0 32
4 0 0 32
start times:
0 8 16 24
end times:
8 16 24 32
load:
2.4125