10 98 2 5
patients: ID surgeon priority leader_priority duration
0 4 1
1 5 2
2 2 1
3 0 14
4 9 7
5 1 7
6 2 16
7 3 3
8 2 6
9 2 4
10 2 6
11 5 1
12 4 7
13 5 4
14 2 6
15 4 3
16 0 6
17 7 3
18 1 18
19 0 2
20 4 6
21 7 18
22 2 2
23 9 11
24 9 3
25 2 4
26 5 10
27 8 4
28 4 1
29 8 6
30 2 11
31 8 1
32 1 3
33 9 1
34 0 10
35 9 18
36 7 11
37 9 3
38 6 1
39 6 6
40 5 4
41 1 15
42 6 3
43 7 1
44 3 6
45 2 5
46 8 14
47 9 2
48 7 5
49 3 6
50 4 7
51 9 14
52 1 8
53 7 13
54 9 13
55 4 5
56 8 3
57 9 15
58 9 3
59 4 7
60 0 3
61 9 10
62 2 2
63 7 6
64 0 3
65 9 3
66 5 6
67 3 12
68 3 6
69 0 3
70 2 5
71 8 1
72 6 7
73 7 2
74 8 12
75 0 6
76 1 10
77 5 3
78 7 18
79 8 14
80 0 3
81 2 1
82 4 7
83 5 6
84 1 5
85 4 1
86 1 12
87 2 13
88 0 7
89 7 10
90 6 10
91 8 2
92 4 4
93 7 5
94 8 6
95 3 8
96 7 2
97 3 7
ORS: day OR start end
0 0 0 32
0 1 0 32
1 0 0 32
1 1 0 32
2 0 0 32
2 1 0 32
3 0 0 32
3 1 0 32
4 0 0 32
4 1 0 32
start times:
0 8 16 24
end times:
8 16 24 32
load:
1.990625