12 98 2 5
patients: ID surgeon priority leader_priority duration
0 11 1
1 8 2
2 5 1
3 1 14
4 7 7
5 10 7
6 8 16
7 9 3
8 9 6
9 2 4
10 0 6
11 2 1
12 4 7
13 11 4
14 0 6
15 5 3
16 8 6
17 8 3
18 9 18
19 0 2
20 3 6
21 5 18
22 7 2
23 3 11
24 10 3
25 8 4
26 9 10
27 8 4
28 3 1
29 10 6
30 6 11
31 3 1
32 4 3
33 0 1
34 8 10
35 0 18
36 3 11
37 1 3
38 0 1
39 8 6
40 4 4
41 2 15
42 1 3
43 5 1
44 6 6
45 0 5
46 2 14
47 8 2
48 6 5
49 6 6
50 0 7
51 5 14
52 11 8
53 3 13
54 3 13
55 8 5
56 11 3
57 4 15
58 7 3
59 2 7
60 4 3
61 8 10
62 4 2
63 4 6
64 5 3
65 9 3
66 0 6
67 0 12
68 1 6
69 2 3
70 5 5
71 8 1
72 9 7
73 11 2
74 0 12
75 0 6
76 9 10
77 3 3
78 10 18
79 10 14
80 5 3
81 2 1
82 7 7
83 9 6
84 7 5
85 4 1
86 3 12
87 5 13
88 9 7
89 3 10
90 9 10
91 1 2
92 0 4
93 6 5
94 10 6
95 9 8
96 1 2
97 0 7
ORS: day OR start end
0 0 0 32
0 1 0 32
1 0 0 32
1 1 0 32
2 0 0 32
2 1 0 32
3 0 0 32
3 1 0 32
4 0 0 32
4 1 0 32
start times:
0 8 16 24
end times:
8 16 24 32
load:
1.990625