20 98 2 5
patients: ID surgeon priority leader_priority duration
0 11 1
1 5 2
2 8 1
3 9 14
4 2 7
5 5 7
6 10 16
7 18 3
8 2 6
9 17 4
10 0 6
11 0 1
12 14 7
13 2 4
14 6 6
15 2 3
16 0 6
17 1 3
18 8 18
19 13 2
20 1 6
21 2 18
22 18 2
23 15 11
24 5 3
25 17 4
26 8 10
27 9 4
28 13 1
29 19 6
30 11 11
31 13 1
32 7 3
33 8 1
34 10 10
35 7 18
36 10 11
37 14 3
38 4 1
39 9 6
40 6 4
41 0 15
42 13 3
43 5 1
44 8 6
45 14 5
46 11 14
47 14 2
48 10 5
49 9 6
50 2 7
51 0 14
52 5 8
53 0 13
54 16 13
55 16 5
56 10 3
57 17 15
58 10 3
59 7 7
60 3 3
61 16 10
62 15 2
63 0 6
64 4 3
65 12 3
66 17 6
67 8 12
68 3 6
69 5 3
70 5 5
71 17 1
72 9 7
73 3 2
74 15 12
75 1 6
76 2 10
77 4 3
78 0 18
79 2 14
80 19 3
81 15 1
82 16 7
83 10 6
84 18 5
85 3 1
86 7 12
87 6 13
88 19 7
89 13 10
90 15 10
91 18 2
92 19 4
93 16 5
94 8 6
95 11 8
96 9 2
97 3 7
ORS: day OR start end
0 0 0 32
0 1 0 32
1 0 0 32
1 1 0 32
2 0 0 32
2 1 0 32
3 0 0 32
3 1 0 32
4 0 0 32
4 1 0 32
start times:
0 8 16 24
end times:
8 16 24 32
load:
1.990625