10 115 2 5
patients: ID surgeon priority leader_priority duration
0 7 11
1 3 2
2 4 12
3 5 11
4 2 18
5 8 8
6 6 13
7 2 8
8 3 12
9 4 1
10 2 1
11 8 5
12 3 11
13 4 5
14 4 13
15 2 6
16 1 3
17 4 6
18 2 6
19 5 12
20 6 6
21 8 10
22 2 5
23 4 6
24 0 29
25 4 2
26 6 15
27 1 7
28 0 11
29 2 4
30 5 14
31 4 7
32 6 3
33 1 6
34 8 6
35 0 6
36 5 5
37 0 6
38 6 6
39 5 9
40 2 2
41 3 3
42 6 11
43 5 8
44 0 6
45 5 2
46 0 6
47 7 4
48 6 12
49 8 1
50 4 3
51 7 3
52 8 11
53 4 5
54 1 5
55 4 6
56 7 3
57 4 8
58 5 9
59 1 5
60 6 6
61 8 9
62 1 10
63 9 11
64 0 13
65 0 5
66 3 8
67 4 2
68 1 13
69 8 7
70 3 5
71 1 2
72 8 2
73 0 4
74 8 1
75 7 10
76 5 8
77 0 7
78 8 6
79 6 5
80 0 11
81 8 3
82 1 6
83 6 7
84 4 6
85 4 14
86 0 11
87 1 4
88 4 6
89 2 3
90 5 2
91 4 4
92 3 5
93 1 4
94 8 8
95 0 18
96 5 5
97 8 20
98 2 10
99 4 10
100 3 11
101 7 6
102 8 6
103 3 5
104 8 6
105 7 6
106 0 5
107 6 3
108 7 13
109 0 7
110 1 4
111 8 11
112 1 10
113 3 5
114 4 6
ORS: day OR start end
0 0 0 32
0 1 0 32
1 0 0 32
1 1 0 32
2 0 0 32
2 1 0 32
3 0 0 32
3 1 0 32
4 0 0 32
4 1 0 32
start times:
0 8 16 24
end times:
8 16 24 32
load:
2.609375