8 51 1 5
patients: ID surgeon priority leader_priority duration
0 0 7
1 1 4
2 0 10
3 5 5
4 6 1
5 1 5
6 6 7
7 2 7
8 5 10
9 3 6
10 5 1
11 3 3
12 5 11
13 7 11
14 2 5
15 1 3
16 3 5
17 0 1
18 6 11
19 2 3
20 2 3
21 7 6
22 3 4
23 3 2
24 0 6
25 6 6
26 5 4
27 1 4
28 1 6
29 4 7
30 4 6
31 2 4
32 4 6
33 1 10
34 1 7
35 4 3
36 3 7
37 2 11
38 0 11
39 4 4
40 2 10
41 7 13
42 2 16
43 6 3
44 0 3
45 1 18
46 1 11
47 1 1
48 5 3
49 7 6
50 7 6
ORS: day OR start end
0 0 0 32
1 0 0 32
2 0 0 32
3 0 0 32
4 0 0 32
start times:
0 8 16 24
end times:
8 16 24 32
load:
2.01875