10 114 2 5
patients: ID surgeon priority leader_priority duration
0 3 5
1 2 12
2 3 15
3 8 6
4 4 6
5 5 5
6 7 13
7 0 1
8 3 12
9 2 11
10 9 12
11 3 4
12 1 7
13 2 6
14 9 18
15 8 8
16 3 11
17 2 2
18 0 12
19 7 10
20 7 6
21 4 11
22 3 6
23 2 6
24 0 3
25 4 3
26 1 6
27 0 5
28 5 7
29 1 7
30 4 2
31 0 14
32 3 6
33 6 6
34 1 6
35 2 6
36 4 10
37 2 9
38 0 4
39 4 14
40 8 14
41 7 2
42 9 2
43 9 6
44 1 3
45 0 2
46 1 7
47 5 10
48 8 6
49 9 8
50 1 16
51 6 3
52 3 10
53 5 6
54 6 3
55 1 3
56 2 3
57 1 14
58 5 7
59 1 4
60 9 5
61 8 3
62 5 1
63 6 2
64 8 10
65 7 6
66 2 3
67 6 3
68 3 4
69 1 5
70 3 4
71 6 10
72 3 1
73 3 6
74 8 8
75 0 7
76 6 6
77 0 3
78 1 6
79 6 5
80 7 4
81 7 15
82 8 10
83 3 8
84 2 1
85 4 2
86 0 1
87 4 3
88 5 1
89 2 1
90 7 7
91 9 1
92 4 6
93 3 6
94 8 6
95 9 11
96 8 6
97 7 6
98 4 2
99 5 10
100 0 14
101 3 9
102 1 10
103 1 11
104 9 13
105 9 1
106 7 14
107 1 2
108 0 10
109 7 8
110 7 11
111 9 8
112 5 5
113 5 6
ORS: day OR start end
0 0 0 32
0 1 0 32
1 0 0 32
1 1 0 32
2 0 0 32
2 1 0 32
3 0 0 32
3 1 0 32
4 0 0 32
4 1 0 32
start times:
0 8 16 24
end times:
8 16 24 32
load:
2.403125