12 115 2 5
patients: ID surgeon priority leader_priority duration
0 3 11
1 6 2
2 11 12
3 8 11
4 9 18
5 1 8
6 2 13
7 7 8
8 8 12
9 9 1
10 3 1
11 10 5
12 3 11
13 8 5
14 9 13
15 5 6
16 10 3
17 4 6
18 1 6
19 9 12
20 4 6
21 11 10
22 5 5
23 2 6
24 9 29
25 6 2
26 2 15
27 4 7
28 5 11
29 1 4
30 7 14
31 3 7
32 7 3
33 1 6
34 7 6
35 8 6
36 5 5
37 9 6
38 5 6
39 6 9
40 4 2
41 4 3
42 3 11
43 0 8
44 5 6
45 10 2
46 7 6
47 11 4
48 10 12
49 6 1
50 11 3
51 4 3
52 5 11
53 2 5
54 6 5
55 3 6
56 1 3
57 1 8
58 0 9
59 11 5
60 2 6
61 6 9
62 9 10
63 4 11
64 2 13
65 9 5
66 0 8
67 10 2
68 9 13
69 8 7
70 10 5
71 5 2
72 6 2
73 9 4
74 10 1
75 6 10
76 6 8
77 0 7
78 9 6
79 9 5
80 10 11
81 2 3
82 9 6
83 10 7
84 0 6
85 9 14
86 4 11
87 3 4
88 7 6
89 3 3
90 7 2
91 7 4
92 8 5
93 0 4
94 11 8
95 5 18
96 0 5
97 0 20
98 6 10
99 11 10
100 0 11
101 10 6
102 5 6
103 4 5
104 3 6
105 4 6
106 0 5
107 3 3
108 0 13
109 4 7
110 10 4
111 2 11
112 5 10
113 2 5
114 9 6
ORS: day OR start end
0 0 0 32
0 1 0 32
1 0 0 32
1 1 0 32
2 0 0 32
2 1 0 32
3 0 0 32
3 1 0 32
4 0 0 32
4 1 0 32
start times:
0 8 16 24
end times:
8 16 24 32
load:
2.609375