14 57 2 5
patients: ID surgeon priority leader_priority duration
0 11 3
1 1 8
2 12 6
3 1 3
4 5 7
5 7 10
6 3 14
7 9 6
8 7 7
9 11 7
10 1 13
11 0 3
12 6 3
13 10 1
14 1 6
15 4 8
16 10 2
17 6 11
18 8 2
19 1 8
20 13 7
21 5 5
22 9 12
23 13 3
24 5 11
25 10 11
26 12 6
27 3 3
28 4 6
29 7 5
30 0 3
31 5 6
32 12 14
33 3 2
34 12 5
35 3 9
36 13 4
37 6 3
38 3 6
39 6 13
40 7 11
41 0 6
42 11 10
43 7 3
44 6 11
45 10 1
46 0 8
47 7 6
48 11 11
49 11 5
50 7 13
51 13 2
52 2 6
53 10 16
54 8 3
55 6 3
56 10 4
ORS: day OR start end
0 0 0 32
0 1 0 32
1 0 0 32
1 1 0 32
2 0 0 32
2 1 0 32
3 0 0 32
3 1 0 32
4 0 0 32
4 1 0 32
start times:
0 8 16 24
end times:
8 16 24 32
load:
1.190625