20 198 4 5
patients: ID surgeon priority leader_priority duration
0 5 3
1 13 9
2 17 3
3 10 1
4 7 5
5 16 11
6 13 3
7 8 7
8 3 12
9 19 7
10 3 3
11 7 20
12 15 3
13 16 5
14 16 1
15 1 6
16 7 7
17 3 18
18 10 3
19 6 3
20 14 10
21 8 2
22 14 6
23 0 8
24 11 4
25 2 10
26 2 8
27 13 6
28 16 5
29 16 14
30 8 1
31 0 1
32 16 4
33 7 4
34 7 1
35 2 5
36 2 3
37 5 5
38 13 3
39 0 10
40 3 8
41 18 5
42 8 10
43 17 1
44 2 3
45 1 3
46 9 3
47 9 4
48 16 2
49 14 4
50 14 6
51 14 1
52 4 6
53 12 5
54 17 2
55 5 1
56 0 4
57 8 10
58 6 12
59 0 3
60 2 8
61 14 2
62 2 2
63 4 10
64 9 14
65 4 5
66 9 5
67 16 2
68 19 16
69 1 3
70 9 6
71 11 6
72 1 9
73 6 11
74 15 4
75 12 7
76 3 2
77 12 8
78 19 12
79 5 3
80 7 4
81 15 3
82 8 6
83 15 2
84 5 9
85 18 4
86 4 6
87 5 5
88 7 1
89 16 7
90 1 3
91 16 18
92 9 3
93 16 3
94 18 6
95 2 6
96 0 5
97 7 8
98 5 3
99 8 5
100 9 5
101 1 2
102 10 7
103 9 14
104 0 5
105 17 8
106 6 1
107 19 6
108 5 3
109 5 1
110 4 2
111 7 4
112 13 5
113 15 7
114 11 3
115 10 9
116 15 8
117 6 12
118 7 4
119 2 2
120 15 10
121 19 4
122 6 14
123 8 2
124 9 4
125 13 4
126 11 7
127 14 6
128 18 1
129 4 6
130 2 12
131 11 9
132 7 6
133 13 6
134 11 7
135 3 8
136 1 5
137 1 3
138 8 6
139 14 1
140 19 1
141 8 1
142 9 13
143 8 7
144 7 6
145 18 6
146 15 9
147 8 10
148 6 4
149 16 10
150 9 6
151 3 11
152 12 10
153 15 4
154 18 2
155 9 8
156 10 6
157 10 10
158 13 16
159 12 6
160 10 3
161 0 5
162 0 2
163 6 4
164 4 5
165 15 10
166 13 6
167 8 6
168 13 7
169 4 10
170 15 5
171 16 7
172 5 4
173 11 6
174 3 5
175 8 6
176 18 2
177 7 3
178 14 6
179 14 4
180 4 3
181 8 5
182 2 3
183 4 10
184 14 4
185 2 6
186 8 10
187 5 10
188 2 4
189 15 2
190 12 4
191 0 2
192 3 11
193 19 6
194 6 5
195 13 7
196 6 8
197 6 3
ORS: day OR start end
0 0 0 32
0 1 0 32
0 2 0 32
0 3 0 32
1 0 0 32
1 1 0 32
1 2 0 32
1 3 0 32
2 0 0 32
2 1 0 32
2 2 0 32
2 3 0 32
3 0 0 32
3 1 0 32
3 2 0 32
3 3 0 32
4 0 0 32
4 1 0 32
4 2 0 32
4 3 0 32
start times:
0 8 16 24
end times:
8 16 24 32
load:
1.8109375