10 59 1 5
patients: ID surgeon priority leader_priority duration
0 5 7
1 1 5
2 3 1
3 6 4
4 9 2
5 4 1
6 7 1
7 6 3
8 6 16
9 0 2
10 3 14
11 8 5
12 5 1
13 8 4
14 9 2
15 7 7
16 6 4
17 8 6
18 8 2
19 2 6
20 4 1
21 4 8
22 3 3
23 8 17
24 3 2
25 8 8
26 6 6
27 9 14
28 4 1
29 9 3
30 0 6
31 6 2
32 9 6
33 2 14
34 1 2
35 2 3
36 4 4
37 7 10
38 7 3
39 9 10
40 7 3
41 0 6
42 2 3
43 8 3
44 7 6
45 5 15
46 0 3
47 9 6
48 7 8
49 1 8
50 2 2
51 0 15
52 0 6
53 3 4
54 6 8
55 6 1
56 6 1
57 8 1
58 9 1
ORS: day OR start end
0 0 0 32
1 0 0 32
2 0 0 32
3 0 0 32
4 0 0 32
start times:
0 8 16 24
end times:
8 16 24 32
load:
1.975