14 48 1 5
patients: ID surgeon priority leader_priority duration
0 9 6
1 2 10
2 3 18
3 2 4
4 0 6
5 0 18
6 4 10
7 13 7
8 4 6
9 12 4
10 1 6
11 2 6
12 2 11
13 4 1
14 5 7
15 12 9
16 8 10
17 11 6
18 10 6
19 11 11
20 2 11
21 3 2
22 7 3
23 8 7
24 13 1
25 2 3
26 8 3
27 8 4
28 3 6
29 1 3
30 9 14
31 0 6
32 4 5
33 8 6
34 9 3
35 4 5
36 1 6
37 8 2
38 8 12
39 0 16
40 0 11
41 13 8
42 8 13
43 2 5
44 12 4
45 8 18
46 10 10
47 11 5
ORS: day OR start end
0 0 0 32
1 0 0 32
2 0 0 32
3 0 0 32
4 0 0 32
start times:
0 8 16 24
end times:
8 16 24 32
load:
2.2125