12 59 1 5
patients: ID surgeon priority leader_priority duration
0 5 7
1 2 5
2 6 1
3 10 4
4 6 2
5 9 1
6 5 1
7 2 3
8 2 16
9 6 2
10 0 14
11 4 5
12 0 1
13 6 4
14 10 2
15 2 7
16 11 4
17 6 6
18 6 2
19 0 6
20 11 1
21 4 8
22 7 3
23 9 17
24 6 2
25 10 8
26 7 6
27 6 14
28 3 1
29 5 3
30 4 6
31 8 2
32 7 6
33 11 14
34 6 2
35 5 3
36 1 4
37 1 10
38 11 3
39 1 10
40 10 3
41 1 6
42 9 3
43 4 3
44 11 6
45 9 15
46 5 3
47 0 6
48 5 8
49 8 8
50 11 2
51 2 15
52 9 6
53 5 4
54 7 8
55 11 1
56 1 1
57 1 1
58 11 1
ORS: day OR start end
0 0 0 32
1 0 0 32
2 0 0 32
3 0 0 32
4 0 0 32
start times:
0 8 16 24
end times:
8 16 24 32
load:
1.975