14 81 2 5
patients: ID surgeon priority leader_priority duration
0 9 10
1 2 9
2 1 5
3 7 9
4 1 6
5 11 5
6 8 3
7 3 13
8 3 5
9 5 7
10 6 4
11 2 17
12 5 9
13 12 3
14 11 5
15 1 1
16 10 1
17 3 5
18 0 7
19 2 6
20 8 3
21 2 3
22 8 3
23 1 3
24 13 5
25 4 6
26 12 4
27 11 2
28 1 1
29 11 7
30 12 5
31 12 10
32 1 6
33 7 4
34 8 7
35 4 6
36 3 9
37 1 2
38 3 6
39 5 7
40 12 5
41 4 6
42 6 3
43 10 3
44 4 11
45 13 6
46 11 1
47 12 7
48 7 13
49 1 18
50 9 3
51 11 9
52 6 3
53 9 7
54 7 4
55 1 4
56 6 6
57 8 6
58 4 6
59 5 8
60 8 3
61 6 11
62 7 10
63 1 6
64 6 3
65 12 5
66 1 4
67 9 10
68 13 9
69 10 2
70 13 14
71 5 7
72 5 5
73 10 3
74 0 5
75 7 6
76 4 2
77 0 9
78 4 6
79 2 2
80 9 1
ORS: day OR start end
0 0 0 32
0 1 0 32
1 0 0 32
1 1 0 32
2 0 0 32
2 1 0 32
3 0 0 32
3 1 0 32
4 0 0 32
4 1 0 32
start times:
0 8 16 24
end times:
8 16 24 32
load:
1.503125