20 165 4 5
patients: ID surgeon priority leader_priority duration
0 13 11
1 14 4
2 9 2
3 15 1
4 13 6
5 6 3
6 16 3
7 11 6
8 11 3
9 17 18
10 2 2
11 10 5
12 14 1
13 12 3
14 12 7
15 11 10
16 18 16
17 8 10
18 15 6
19 14 6
20 8 11
21 13 3
22 6 5
23 11 13
24 13 12
25 17 10
26 15 6
27 3 4
28 10 10
29 16 2
30 15 1
31 14 3
32 0 4
33 0 18
34 8 2
35 18 3
36 0 6
37 6 3
38 19 13
39 2 14
40 17 9
41 0 3
42 9 10
43 17 8
44 11 16
45 16 6
46 6 3
47 18 3
48 19 4
49 17 11
50 12 3
51 7 1
52 15 10
53 18 15
54 13 18
55 17 11
56 14 1
57 14 18
58 14 3
59 15 1
60 17 14
61 2 5
62 18 10
63 4 4
64 7 18
65 17 18
66 1 2
67 4 6
68 9 12
69 4 18
70 17 18
71 4 24
72 8 6
73 18 6
74 19 13
75 17 17
76 13 1
77 1 10
78 3 6
79 5 6
80 15 1
81 16 10
82 19 3
83 11 11
84 7 10
85 5 8
86 0 8
87 5 7
88 15 15
89 7 12
90 18 3
91 10 9
92 0 6
93 14 6
94 4 6
95 19 3
96 2 10
97 10 17
98 2 10
99 16 5
100 8 4
101 11 12
102 2 6
103 4 11
104 16 5
105 15 8
106 10 24
107 9 4
108 19 3
109 8 6
110 3 6
111 1 13
112 12 6
113 0 6
114 15 4
115 8 12
116 3 7
117 8 13
118 7 16
119 5 10
120 10 1
121 6 6
122 5 7
123 12 6
124 7 10
125 9 5
126 17 9
127 7 14
128 5 9
129 17 3
130 15 4
131 15 9
132 8 12
133 11 12
134 2 11
135 0 6
136 13 3
137 16 4
138 7 3
139 10 6
140 14 7
141 13 11
142 7 3
143 11 18
144 15 14
145 2 10
146 17 3
147 12 6
148 17 11
149 1 3
150 17 3
151 0 6
152 16 8
153 19 6
154 0 8
155 12 1
156 19 4
157 6 2
158 13 5
159 12 4
160 8 16
161 16 5
162 16 5
163 4 7
164 11 3
ORS: day OR start end
0 0 0 32
0 1 0 32
0 2 0 32
0 3 0 32
1 0 0 32
1 1 0 32
1 2 0 32
1 3 0 32
2 0 0 32
2 1 0 32
2 2 0 32
2 3 0 32
3 0 0 32
3 1 0 32
3 2 0 32
3 3 0 32
4 0 0 32
4 1 0 32
4 2 0 32
4 3 0 32
start times:
0 8 16 24
end times:
8 16 24 32
load:
1.9984375