12 53 1 5
patients: ID surgeon priority leader_priority duration
0 4 3
1 2 15
2 9 3
3 5 25
4 3 5
5 10 10
6 1 10
7 5 7
8 11 1
9 4 21
10 7 7
11 0 10
12 4 10
13 2 6
14 5 7
15 0 1
16 1 3
17 1 1
18 11 7
19 1 7
20 1 2
21 0 6
22 10 3
23 9 3
24 11 6
25 1 1
26 5 6
27 3 6
28 1 4
29 9 4
30 8 14
31 4 10
32 9 7
33 9 7
34 1 10
35 11 7
36 9 3
37 11 5
38 11 1
39 9 10
40 0 14
41 1 5
42 1 6
43 2 14
44 1 10
45 3 6
46 7 9
47 6 6
48 4 14
49 8 6
50 10 2
51 0 16
52 1 4
ORS: day OR start end
0 0 0 32
1 0 0 32
2 0 0 32
3 0 0 32
4 0 0 32
start times:
0 8 16 24
end times:
8 16 24 32
load:
2.4125