12 48 1 5
patients: ID surgeon priority leader_priority duration
0 7 6
1 2 10
2 3 18
3 3 4
4 7 6
5 0 18
6 5 10
7 8 7
8 8 6
9 1 4
10 6 6
11 0 6
12 9 11
13 9 1
14 5 7
15 7 9
16 11 10
17 6 6
18 7 6
19 6 11
20 0 11
21 2 2
22 10 3
23 11 7
24 9 1
25 3 3
26 9 3
27 11 4
28 5 6
29 9 3
30 6 14
31 2 6
32 5 5
33 0 6
34 10 3
35 10 5
36 1 6
37 6 2
38 4 12
39 7 16
40 4 11
41 7 8
42 8 13
43 5 5
44 11 4
45 7 18
46 2 10
47 10 5
ORS: day OR start end
0 0 0 32
1 0 0 32
2 0 0 32
3 0 0 32
4 0 0 32
start times:
0 8 16 24
end times:
8 16 24 32
load:
2.2125