12 114 2 5
patients: ID surgeon priority leader_priority duration
0 3 5
1 4 12
2 2 15
3 0 6
4 3 6
5 7 5
6 4 13
7 2 1
8 2 12
9 1 11
10 3 12
11 0 4
12 6 7
13 7 6
14 4 18
15 7 8
16 9 11
17 7 2
18 2 12
19 7 10
20 11 6
21 10 11
22 1 6
23 2 6
24 0 3
25 10 3
26 4 6
27 6 5
28 6 7
29 1 7
30 6 2
31 10 14
32 9 6
33 6 6
34 3 6
35 7 6
36 8 10
37 0 9
38 1 4
39 8 14
40 5 14
41 2 2
42 10 2
43 1 6
44 5 3
45 2 2
46 2 7
47 9 10
48 10 6
49 8 8
50 0 16
51 1 3
52 10 10
53 7 6
54 10 3
55 2 3
56 11 3
57 3 14
58 5 7
59 9 4
60 8 5
61 6 3
62 6 1
63 2 2
64 5 10
65 7 6
66 4 3
67 8 3
68 0 4
69 3 5
70 5 4
71 2 10
72 3 1
73 3 6
74 11 8
75 9 7
76 11 6
77 5 3
78 8 6
79 6 5
80 7 4
81 0 15
82 10 10
83 2 8
84 4 1
85 4 2
86 0 1
87 9 3
88 4 1
89 5 1
90 2 7
91 10 1
92 11 6
93 4 6
94 6 6
95 5 11
96 11 6
97 8 6
98 9 2
99 6 10
100 5 14
101 10 9
102 7 10
103 8 11
104 6 13
105 9 1
106 2 14
107 4 2
108 3 10
109 4 8
110 11 11
111 11 8
112 9 5
113 3 6
ORS: day OR start end
0 0 0 32
0 1 0 32
1 0 0 32
1 1 0 32
2 0 0 32
2 1 0 32
3 0 0 32
3 1 0 32
4 0 0 32
4 1 0 32
start times:
0 8 16 24
end times:
8 16 24 32
load:
2.403125