20 107 4 5
patients: ID surgeon priority leader_priority duration
0 13 5
1 14 14
2 8 11
3 4 18
4 3 5
5 13 3
6 18 6
7 5 3
8 2 3
9 6 2
10 11 5
11 17 11
12 7 11
13 5 2
14 5 3
15 12 6
16 7 1
17 1 10
18 15 7
19 5 5
20 13 6
21 4 16
22 16 4
23 7 18
24 4 6
25 15 9
26 13 7
27 9 10
28 14 2
29 17 1
30 12 3
31 1 14
32 18 6
33 7 6
34 19 7
35 17 10
36 7 6
37 7 10
38 11 7
39 6 13
40 17 10
41 12 11
42 16 3
43 3 1
44 2 7
45 6 2
46 4 3
47 7 5
48 17 6
49 17 6
50 6 7
51 5 10
52 14 7
53 4 18
54 5 3
55 10 7
56 15 8
57 9 7
58 2 6
59 12 5
60 7 5
61 16 7
62 16 10
63 16 6
64 0 2
65 15 12
66 10 12
67 4 2
68 19 6
69 15 6
70 4 10
71 12 14
72 16 7
73 17 4
74 10 3
75 17 5
76 2 8
77 3 18
78 0 16
79 19 4
80 1 18
81 19 7
82 3 6
83 18 6
84 5 7
85 0 6
86 4 1
87 14 9
88 14 2
89 2 7
90 11 1
91 8 5
92 18 30
93 10 3
94 8 2
95 8 5
96 11 11
97 1 1
98 12 2
99 15 4
100 3 12
101 19 10
102 9 6
103 5 6
104 19 5
105 2 11
106 16 5
ORS: day OR start end
0 0 0 32
0 1 0 32
0 2 0 32
0 3 0 32
1 0 0 32
1 1 0 32
1 2 0 32
1 3 0 32
2 0 0 32
2 1 0 32
2 2 0 32
2 3 0 32
3 0 0 32
3 1 0 32
3 2 0 32
3 3 0 32
4 0 0 32
4 1 0 32
4 2 0 32
4 3 0 32
start times:
0 8 16 24
end times:
8 16 24 32
load:
1.2015625