10 98 2 5
patients: ID surgeon priority leader_priority duration
0 3 5
1 3 7
2 3 1
3 2 3
4 2 6
5 8 6
6 1 1
7 7 4
8 5 4
9 2 5
10 8 6
11 2 13
12 8 18
13 4 3
14 3 6
15 2 6
16 4 11
17 3 7
18 3 6
19 6 1
20 6 3
21 7 1
22 5 9
23 1 6
24 6 13
25 7 4
26 2 3
27 7 7
28 0 8
29 5 6
30 2 2
31 2 6
32 1 22
33 9 10
34 8 6
35 8 7
36 1 6
37 8 5
38 2 2
39 2 11
40 5 5
41 2 5
42 3 14
43 7 1
44 8 7
45 4 6
46 0 7
47 1 5
48 8 10
49 5 7
50 8 3
51 5 8
52 1 10
53 8 6
54 7 3
55 1 7
56 6 4
57 1 17
58 1 1
59 1 6
60 5 7
61 3 3
62 9 1
63 0 6
64 1 11
65 8 10
66 0 6
67 6 5
68 4 7
69 3 4
70 0 11
71 6 3
72 8 1
73 1 18
74 0 7
75 6 15
76 5 3
77 7 6
78 1 7
79 7 2
80 9 20
81 6 6
82 1 3
83 2 3
84 3 5
85 3 17
86 1 12
87 7 12
88 7 5
89 0 4
90 5 8
91 7 2
92 9 5
93 6 3
94 6 4
95 7 3
96 4 5
97 5 1
ORS: day OR start end
0 0 0 32
0 1 0 32
1 0 0 32
1 1 0 32
2 0 0 32
2 1 0 32
3 0 0 32
3 1 0 32
4 0 0 32
4 1 0 32
start times:
0 8 16 24
end times:
8 16 24 32
load:
1.996875