14 48 1 5
patients: ID surgeon priority leader_priority duration
0 10 1
1 0 1
2 2 2
3 2 11
4 12 13
5 6 6
6 13 10
7 8 11
8 0 4
9 11 6
10 4 4
11 10 6
12 8 7
13 8 6
14 13 7
15 12 5
16 6 6
17 4 10
18 11 6
19 12 11
20 6 3
21 1 11
22 3 9
23 4 6
24 8 5
25 5 5
26 2 6
27 9 2
28 4 25
29 5 2
30 7 6
31 8 12
32 10 12
33 12 6
34 5 3
35 3 3
36 3 1
37 9 7
38 3 11
39 1 13
40 13 3
41 11 5
42 8 4
43 11 2
44 6 5
45 9 6
46 9 13
47 7 3
ORS: day OR start end
0 0 0 32
1 0 0 32
2 0 0 32
3 0 0 32
4 0 0 32
start times:
0 8 16 24
end times:
8 16 24 32
load:
2.0125