12 101 2 5
patients: ID surgeon priority leader_priority duration
0 8 16
1 8 6
2 6 30
3 5 11
4 0 5
5 8 3
6 11 3
7 10 4
8 9 8
9 1 9
10 4 14
11 8 3
12 2 1
13 2 3
14 5 18
15 2 11
16 2 3
17 2 6
18 6 6
19 1 7
20 8 20
21 11 5
22 8 4
23 4 6
24 4 2
25 7 3
26 11 6
27 3 10
28 1 3
29 0 14
30 1 6
31 8 3
32 8 17
33 4 6
34 8 7
35 5 2
36 2 11
37 0 6
38 7 4
39 6 1
40 7 6
41 8 6
42 5 10
43 7 18
44 0 2
45 4 10
46 7 3
47 5 13
48 8 11
49 10 9
50 4 10
51 9 3
52 11 7
53 11 4
54 2 6
55 6 20
56 8 7
57 8 6
58 4 7
59 0 4
60 6 13
61 0 18
62 8 2
63 1 10
64 9 6
65 11 6
66 6 9
67 9 3
68 1 3
69 8 7
70 5 5
71 0 12
72 11 5
73 5 6
74 4 3
75 0 4
76 7 7
77 8 18
78 0 16
79 11 11
80 6 10
81 5 2
82 8 10
83 4 5
84 9 3
85 4 11
86 2 4
87 6 2
88 4 7
89 7 5
90 5 20
91 3 9
92 1 3
93 4 13
94 7 16
95 1 5
96 1 3
97 3 7
98 1 1
99 7 2
100 10 1
ORS: day OR start end
0 0 0 32
0 1 0 32
1 0 0 32
1 1 0 32
2 0 0 32
2 1 0 32
3 0 0 32
3 1 0 32
4 0 0 32
4 1 0 32
start times:
0 8 16 24
end times:
8 16 24 32
load:
2.4