10 48 1 5
patients: ID surgeon priority leader_priority duration
0 2 1
1 3 1
2 7 2
3 2 11
4 9 13
5 3 6
6 6 10
7 8 11
8 1 4
9 3 6
10 4 4
11 8 6
12 9 7
13 1 6
14 1 7
15 2 5
16 6 6
17 0 10
18 0 6
19 9 11
20 4 3
21 3 11
22 9 9
23 8 6
24 8 5
25 2 5
26 1 6
27 1 2
28 7 25
29 8 2
30 9 6
31 4 12
32 9 12
33 9 6
34 5 3
35 0 3
36 2 1
37 5 7
38 2 11
39 0 13
40 0 3
41 5 5
42 0 4
43 9 2
44 1 5
45 5 6
46 5 13
47 6 3
ORS: day OR start end
0 0 0 32
1 0 0 32
2 0 0 32
3 0 0 32
4 0 0 32
start times:
0 8 16 24
end times:
8 16 24 32
load:
2.0125