12 48 1 5
patients: ID surgeon priority leader_priority duration
0 11 1
1 11 1
2 1 2
3 6 11
4 8 13
5 10 6
6 5 10
7 9 11
8 8 4
9 8 6
10 5 4
11 10 6
12 8 7
13 11 6
14 6 7
15 3 5
16 0 6
17 6 10
18 2 6
19 8 11
20 8 3
21 1 11
22 7 9
23 8 6
24 6 5
25 7 5
26 8 6
27 8 2
28 1 25
29 7 2
30 5 6
31 7 12
32 11 12
33 1 6
34 5 3
35 6 3
36 10 1
37 2 7
38 4 11
39 9 13
40 4 3
41 5 5
42 8 4
43 2 2
44 5 5
45 4 6
46 2 13
47 1 3
ORS: day OR start end
0 0 0 32
1 0 0 32
2 0 0 32
3 0 0 32
4 0 0 32
start times:
0 8 16 24
end times:
8 16 24 32
load:
2.0125