14 62 1 5
patients: ID surgeon priority leader_priority duration
0 9 3
1 4 6
2 13 8
3 12 2
4 0 14
5 10 1
6 5 3
7 2 4
8 0 4
9 11 6
10 1 10
11 11 4
12 0 11
13 12 7
14 11 10
15 9 14
16 3 1
17 4 5
18 8 6
19 3 4
20 10 2
21 3 1
22 11 5
23 11 6
24 6 5
25 11 3
26 11 3
27 10 6
28 12 14
29 2 4
30 5 7
31 8 6
32 11 4
33 8 13
34 11 13
35 10 8
36 4 6
37 4 13
38 12 4
39 8 2
40 4 10
41 9 6
42 8 4
43 5 1
44 5 6
45 8 1
46 6 1
47 1 18
48 1 10
49 5 18
50 2 6
51 9 7
52 1 2
53 1 4
54 13 4
55 10 13
56 6 2
57 5 11
58 6 4
59 6 17
60 3 13
61 10 11
ORS: day OR start end
0 0 0 32
1 0 0 32
2 0 0 32
3 0 0 32
4 0 0 32
start times:
0 8 16 24
end times:
8 16 24 32
load:
2.60625