20 98 2 5
patients: ID surgeon priority leader_priority duration
0 15 5
1 6 7
2 7 1
3 2 3
4 19 6
5 0 6
6 12 1
7 10 4
8 11 4
9 1 5
10 18 6
11 6 13
12 7 18
13 14 3
14 15 6
15 0 6
16 15 11
17 2 7
18 3 6
19 5 1
20 12 3
21 0 1
22 5 9
23 7 6
24 8 13
25 6 4
26 0 3
27 19 7
28 8 8
29 13 6
30 19 2
31 0 6
32 1 22
33 2 10
34 17 6
35 0 7
36 2 6
37 19 5
38 12 2
39 7 11
40 11 5
41 16 5
42 3 14
43 11 1
44 8 7
45 1 6
46 5 7
47 16 5
48 19 10
49 2 7
50 0 3
51 17 8
52 19 10
53 0 6
54 2 3
55 11 7
56 8 4
57 16 17
58 3 1
59 9 6
60 16 7
61 6 3
62 7 1
63 6 6
64 19 11
65 5 10
66 11 6
67 8 5
68 0 7
69 14 4
70 7 11
71 10 3
72 17 1
73 5 18
74 2 7
75 4 15
76 0 3
77 2 6
78 18 7
79 5 2
80 14 20
81 18 6
82 16 3
83 4 3
84 7 5
85 14 17
86 10 12
87 0 12
88 15 5
89 7 4
90 11 8
91 6 2
92 12 5
93 3 3
94 5 4
95 2 3
96 2 5
97 4 1
ORS: day OR start end
0 0 0 32
0 1 0 32
1 0 0 32
1 1 0 32
2 0 0 32
2 1 0 32
3 0 0 32
3 1 0 32
4 0 0 32
4 1 0 32
start times:
0 8 16 24
end times:
8 16 24 32
load:
1.996875