10 62 1 5
patients: ID surgeon priority leader_priority duration
0 0 3
1 5 6
2 6 8
3 2 2
4 1 14
5 8 1
6 0 3
7 2 4
8 9 4
9 7 6
10 0 10
11 4 4
12 6 11
13 7 7
14 0 10
15 4 14
16 1 1
17 7 5
18 6 6
19 4 4
20 9 2
21 3 1
22 3 5
23 3 6
24 3 5
25 1 3
26 5 3
27 4 6
28 0 14
29 0 4
30 7 7
31 7 6
32 2 4
33 3 13
34 5 13
35 3 8
36 6 6
37 2 13
38 6 4
39 6 2
40 3 10
41 6 6
42 5 4
43 2 1
44 6 6
45 0 1
46 7 1
47 8 18
48 3 10
49 6 18
50 1 6
51 7 7
52 8 2
53 2 4
54 5 4
55 0 13
56 6 2
57 3 11
58 0 4
59 4 17
60 0 13
61 3 11
ORS: day OR start end
0 0 0 32
1 0 0 32
2 0 0 32
3 0 0 32
4 0 0 32
start times:
0 8 16 24
end times:
8 16 24 32
load:
2.60625