14 49 1 5
patients: ID surgeon priority leader_priority duration
0 6 5
1 11 4
2 2 2
3 13 9
4 8 30
5 5 3
6 1 6
7 4 11
8 0 5
9 8 6
10 5 8
11 12 6
12 6 16
13 11 6
14 3 12
15 1 2
16 12 8
17 13 6
18 1 2
19 4 2
20 10 16
21 10 5
22 4 3
23 10 8
24 8 15
25 8 3
26 3 10
27 9 1
28 8 4
29 1 10
30 1 1
31 9 6
32 3 4
33 4 6
34 5 3
35 10 10
36 5 3
37 8 3
38 9 3
39 12 6
40 12 16
41 13 4
42 3 10
43 1 13
44 12 3
45 2 3
46 11 18
47 10 3
48 7 17
ORS: day OR start end
0 0 0 32
1 0 0 32
2 0 0 32
3 0 0 32
4 0 0 32
start times:
0 8 16 24
end times:
8 16 24 32
load:
2.225