12 62 1 5
patients: ID surgeon priority leader_priority duration
0 11 3
1 4 6
2 7 8
3 10 2
4 11 14
5 10 1
6 3 3
7 1 4
8 0 4
9 7 6
10 4 10
11 10 4
12 9 11
13 9 7
14 1 10
15 5 14
16 2 1
17 10 5
18 7 6
19 9 4
20 5 2
21 9 1
22 6 5
23 5 6
24 7 5
25 3 3
26 5 3
27 9 6
28 6 14
29 8 4
30 7 7
31 0 6
32 4 4
33 7 13
34 1 13
35 1 8
36 6 6
37 3 13
38 2 4
39 9 2
40 7 10
41 8 6
42 9 4
43 8 1
44 8 6
45 3 1
46 11 1
47 1 18
48 5 10
49 0 18
50 7 6
51 10 7
52 0 2
53 5 4
54 0 4
55 0 13
56 9 2
57 10 11
58 6 4
59 11 17
60 4 13
61 3 11
ORS: day OR start end
0 0 0 32
1 0 0 32
2 0 0 32
3 0 0 32
4 0 0 32
start times:
0 8 16 24
end times:
8 16 24 32
load:
2.60625