8 48 1 5
patients: ID surgeon priority leader_priority duration
0 3 4
1 3 2
2 1 8
3 3 8
4 6 4
5 6 3
6 3 6
7 2 3
8 2 4
9 0 2
10 3 14
11 7 6
12 5 3
13 7 4
14 5 3
15 7 7
16 4 4
17 0 1
18 1 3
19 3 18
20 5 3
21 4 6
22 5 6
23 1 18
24 0 6
25 3 11
26 7 9
27 2 7
28 2 2
29 4 3
30 7 1
31 4 3
32 3 7
33 3 22
34 7 16
35 3 10
36 5 1
37 2 7
38 5 7
39 7 6
40 7 18
41 1 12
42 7 2
43 6 2
44 7 5
45 2 15
46 4 6
47 1 3
ORS: day OR start end
0 0 0 32
1 0 0 32
2 0 0 32
3 0 0 32
4 0 0 32
start times:
0 8 16 24
end times:
8 16 24 32
load:
2.00625