20 178 4 5
patients: ID surgeon priority leader_priority duration
0 3 3
1 10 12
2 18 18
3 2 5
4 1 3
5 8 18
6 16 2
7 17 5
8 1 6
9 5 7
10 19 6
11 10 6
12 2 3
13 11 18
14 14 4
15 10 5
16 5 2
17 5 6
18 10 10
19 18 3
20 4 18
21 10 3
22 18 13
23 3 8
24 8 6
25 9 3
26 11 10
27 8 3
28 16 10
29 11 2
30 10 6
31 9 4
32 10 11
33 9 5
34 8 5
35 12 11
36 11 2
37 16 6
38 11 7
39 11 11
40 19 4
41 4 6
42 15 6
43 15 6
44 19 6
45 4 15
46 10 7
47 4 6
48 5 6
49 14 4
50 15 8
51 1 2
52 16 6
53 14 3
54 17 8
55 15 5
56 12 6
57 12 18
58 1 3
59 9 4
60 7 4
61 13 3
62 6 13
63 1 12
64 19 3
65 7 6
66 17 1
67 10 1
68 12 2
69 16 3
70 8 1
71 10 6
72 9 2
73 18 3
74 19 10
75 14 7
76 14 7
77 13 1
78 11 18
79 0 14
80 9 4
81 4 8
82 18 6
83 1 11
84 9 5
85 1 3
86 13 14
87 4 17
88 3 4
89 11 5
90 15 13
91 9 20
92 12 13
93 0 7
94 2 6
95 0 13
96 18 1
97 7 4
98 0 10
99 0 6
100 10 3
101 5 3
102 17 8
103 18 6
104 4 5
105 6 11
106 13 18
107 16 18
108 11 2
109 2 6
110 5 1
111 10 5
112 10 20
113 12 9
114 0 7
115 14 1
116 15 4
117 3 13
118 5 1
119 8 6
120 15 10
121 12 3
122 12 7
123 15 6
124 16 2
125 12 18
126 8 7
127 4 5
128 8 5
129 10 3
130 15 1
131 8 4
132 10 6
133 3 10
134 12 4
135 3 5
136 11 17
137 8 2
138 18 11
139 4 5
140 5 5
141 3 3
142 13 4
143 14 16
144 5 10
145 11 6
146 11 9
147 1 1
148 17 9
149 17 18
150 9 5
151 0 3
152 10 8
153 16 3
154 3 12
155 14 6
156 10 10
157 2 6
158 6 6
159 5 11
160 9 6
161 17 11
162 9 9
163 18 13
164 6 15
165 6 13
166 14 4
167 10 6
168 1 6
169 2 18
170 13 7
171 10 5
172 5 5
173 14 18
174 17 6
175 12 5
176 13 5
177 8 8
ORS: day OR start end
0 0 0 32
0 1 0 32
0 2 0 32
0 3 0 32
1 0 0 32
1 1 0 32
1 2 0 32
1 3 0 32
2 0 0 32
2 1 0 32
2 2 0 32
2 3 0 32
3 0 0 32
3 1 0 32
3 2 0 32
3 3 0 32
4 0 0 32
4 1 0 32
4 2 0 32
4 3 0 32
start times:
0 8 16 24
end times:
8 16 24 32
load:
2.0171875