20 158 4 5
patients: ID surgeon priority leader_priority duration
0 15 11
1 13 1
2 10 10
3 11 14
4 7 3
5 12 2
6 19 7
7 13 15
8 19 14
9 3 6
10 5 14
11 8 6
12 14 3
13 5 4
14 12 5
15 17 6
16 19 10
17 15 4
18 18 10
19 17 4
20 19 1
21 2 5
22 7 13
23 15 2
24 6 9
25 4 5
26 10 6
27 6 5
28 11 5
29 17 10
30 6 9
31 8 8
32 12 2
33 0 3
34 7 5
35 19 3
36 9 20
37 13 6
38 6 2
39 6 6
40 18 3
41 6 2
42 6 11
43 6 1
44 19 6
45 8 3
46 1 2
47 3 5
48 12 7
49 18 1
50 2 1
51 14 1
52 17 2
53 6 11
54 9 7
55 12 14
56 0 4
57 16 6
58 7 9
59 14 16
60 3 10
61 15 5
62 11 5
63 8 6
64 14 3
65 17 13
66 16 18
67 11 3
68 11 10
69 9 14
70 9 3
71 9 5
72 6 14
73 11 16
74 5 9
75 4 5
76 10 10
77 9 4
78 19 6
79 0 3
80 13 10
81 17 18
82 12 5
83 12 14
84 7 9
85 2 3
86 0 4
87 2 4
88 6 16
89 17 6
90 10 6
91 2 3
92 7 11
93 19 13
94 19 18
95 6 2
96 2 11
97 16 16
98 19 9
99 1 7
100 5 3
101 0 14
102 16 4
103 2 11
104 19 6
105 13 6
106 8 14
107 13 2
108 9 3
109 13 11
110 17 5
111 1 14
112 18 5
113 8 11
114 18 1
115 2 7
116 10 3
117 9 13
118 12 3
119 17 14
120 16 6
121 8 6
122 18 7
123 7 14
124 12 18
125 15 7
126 17 4
127 9 4
128 18 18
129 14 1
130 14 6
131 10 11
132 16 12
133 11 18
134 1 14
135 17 3
136 17 9
137 11 8
138 14 3
139 9 1
140 17 3
141 19 2
142 7 5
143 14 5
144 9 1
145 4 14
146 13 11
147 18 14
148 5 4
149 13 1
150 19 6
151 14 11
152 11 1
153 12 4
154 19 1
155 2 6
156 0 10
157 10 1
ORS: day OR start end
0 0 0 32
0 1 0 32
0 2 0 32
0 3 0 32
1 0 0 32
1 1 0 32
1 2 0 32
1 3 0 32
2 0 0 32
2 1 0 32
2 2 0 32
2 3 0 32
3 0 0 32
3 1 0 32
3 2 0 32
3 3 0 32
4 0 0 32
4 1 0 32
4 2 0 32
4 3 0 32
start times:
0 8 16 24
end times:
8 16 24 32
load:
1.8015625