12 98 2 5
patients: ID surgeon priority leader_priority duration
0 7 5
1 5 7
2 1 1
3 7 3
4 7 6
5 10 6
6 9 1
7 6 4
8 1 4
9 5 5
10 5 6
11 5 13
12 3 18
13 5 3
14 4 6
15 10 6
16 0 11
17 9 7
18 4 6
19 8 1
20 9 3
21 0 1
22 2 9
23 5 6
24 3 13
25 7 4
26 8 3
27 10 7
28 5 8
29 0 6
30 3 2
31 2 6
32 3 22
33 0 10
34 5 6
35 6 7
36 6 6
37 10 5
38 2 2
39 10 11
40 8 5
41 6 5
42 0 14
43 11 1
44 3 7
45 5 6
46 3 7
47 5 5
48 9 10
49 6 7
50 7 3
51 9 8
52 4 10
53 0 6
54 0 3
55 7 7
56 2 4
57 4 17
58 9 1
59 2 6
60 2 7
61 11 3
62 11 1
63 3 6
64 2 11
65 7 10
66 10 6
67 9 5
68 10 7
69 4 4
70 7 11
71 10 3
72 3 1
73 1 18
74 4 7
75 6 15
76 6 3
77 11 6
78 2 7
79 8 2
80 7 20
81 3 6
82 5 3
83 8 3
84 2 5
85 4 17
86 4 12
87 7 12
88 6 5
89 5 4
90 1 8
91 1 2
92 0 5
93 2 3
94 3 4
95 6 3
96 1 5
97 2 1
ORS: day OR start end
0 0 0 32
0 1 0 32
1 0 0 32
1 1 0 32
2 0 0 32
2 1 0 32
3 0 0 32
3 1 0 32
4 0 0 32
4 1 0 32
start times:
0 8 16 24
end times:
8 16 24 32
load:
1.996875