10 49 1 5
patients: ID surgeon priority leader_priority duration
0 3 5
1 9 4
2 8 2
3 0 9
4 1 30
5 4 3
6 4 6
7 2 11
8 4 5
9 9 6
10 9 8
11 6 6
12 4 16
13 7 6
14 2 12
15 8 2
16 6 8
17 5 6
18 1 2
19 6 2
20 1 16
21 9 5
22 2 3
23 8 8
24 5 15
25 0 3
26 5 10
27 8 1
28 2 4
29 8 10
30 5 1
31 7 6
32 0 4
33 3 6
34 7 3
35 2 10
36 0 3
37 2 3
38 2 3
39 6 6
40 9 16
41 5 4
42 0 10
43 8 13
44 9 3
45 8 3
46 9 18
47 3 3
48 0 17
ORS: day OR start end
0 0 0 32
1 0 0 32
2 0 0 32
3 0 0 32
4 0 0 32
start times:
0 8 16 24
end times:
8 16 24 32
load:
2.225