10 101 2 5
patients: ID surgeon priority leader_priority duration
0 7 16
1 2 6
2 5 30
3 7 11
4 8 5
5 5 3
6 9 3
7 2 4
8 0 8
9 2 9
10 6 14
11 6 3
12 4 1
13 3 3
14 7 18
15 8 11
16 2 3
17 8 6
18 5 6
19 7 7
20 6 20
21 6 5
22 3 4
23 7 6
24 2 2
25 3 3
26 4 6
27 1 10
28 7 3
29 5 14
30 6 6
31 4 3
32 8 17
33 9 6
34 9 7
35 1 2
36 4 11
37 9 6
38 4 4
39 2 1
40 9 6
41 5 6
42 9 10
43 9 18
44 1 2
45 6 10
46 5 3
47 5 13
48 9 11
49 6 9
50 7 10
51 1 3
52 6 7
53 4 4
54 4 6
55 3 20
56 8 7
57 9 6
58 2 7
59 8 4
60 5 13
61 7 18
62 5 2
63 4 10
64 3 6
65 2 6
66 9 9
67 3 3
68 3 3
69 6 7
70 9 5
71 7 12
72 4 5
73 3 6
74 9 3
75 0 4
76 8 7
77 7 18
78 7 16
79 0 11
80 3 10
81 5 2
82 7 10
83 9 5
84 3 3
85 2 11
86 0 4
87 6 2
88 8 7
89 2 5
90 7 20
91 7 9
92 2 3
93 6 13
94 7 16
95 8 5
96 2 3
97 1 7
98 7 1
99 2 2
100 4 1
ORS: day OR start end
0 0 0 32
0 1 0 32
1 0 0 32
1 1 0 32
2 0 0 32
2 1 0 32
3 0 0 32
3 1 0 32
4 0 0 32
4 1 0 32
start times:
0 8 16 24
end times:
8 16 24 32
load:
2.4