8 62 1 5
patients: ID surgeon priority leader_priority duration
0 6 3
1 3 6
2 0 8
3 2 2
4 6 14
5 3 1
6 5 3
7 4 4
8 6 4
9 7 6
10 1 10
11 3 4
12 1 11
13 2 7
14 5 10
15 2 14
16 7 1
17 0 5
18 0 6
19 1 4
20 7 2
21 0 1
22 7 5
23 3 6
24 3 5
25 5 3
26 5 3
27 5 6
28 6 14
29 3 4
30 6 7
31 4 6
32 6 4
33 4 13
34 7 13
35 1 8
36 0 6
37 2 13
38 7 4
39 4 2
40 4 10
41 4 6
42 4 4
43 2 1
44 4 6
45 7 1
46 2 1
47 6 18
48 3 10
49 5 18
50 6 6
51 2 7
52 3 2
53 6 4
54 0 4
55 1 13
56 4 2
57 5 11
58 4 4
59 1 17
60 4 13
61 2 11
ORS: day OR start end
0 0 0 32
1 0 0 32
2 0 0 32
3 0 0 32
4 0 0 32
start times:
0 8 16 24
end times:
8 16 24 32
load:
2.60625