12 49 1 5
patients: ID surgeon priority leader_priority duration
0 3 5
1 6 4
2 3 2
3 6 9
4 11 30
5 8 3
6 2 6
7 6 11
8 4 5
9 3 6
10 6 8
11 6 6
12 5 16
13 11 6
14 2 12
15 3 2
16 8 8
17 3 6
18 11 2
19 1 2
20 8 16
21 1 5
22 3 3
23 6 8
24 11 15
25 2 3
26 6 10
27 10 1
28 1 4
29 3 10
30 7 1
31 7 6
32 11 4
33 9 6
34 5 3
35 6 10
36 1 3
37 4 3
38 7 3
39 7 6
40 9 16
41 6 4
42 5 10
43 1 13
44 1 3
45 4 3
46 0 18
47 11 3
48 10 17
ORS: day OR start end
0 0 0 32
1 0 0 32
2 0 0 32
3 0 0 32
4 0 0 32
start times:
0 8 16 24
end times:
8 16 24 32
load:
2.225