12 64 1 5
patients: ID surgeon priority leader_priority duration
0 3 4
1 11 6
2 11 12
3 9 4
4 2 3
5 9 16
6 4 3
7 10 7
8 7 25
9 10 10
10 4 5
11 1 3
12 6 1
13 9 6
14 8 4
15 10 4
16 4 5
17 6 6
18 3 1
19 8 3
20 10 6
21 11 5
22 5 1
23 7 4
24 10 11
25 3 18
26 11 5
27 7 8
28 8 7
29 7 7
30 7 1
31 0 12
32 3 3
33 6 6
34 2 13
35 7 6
36 6 3
37 11 4
38 2 6
39 11 5
40 7 17
41 0 2
42 8 7
43 11 3
44 9 6
45 9 3
46 5 19
47 3 6
48 6 3
49 2 5
50 6 5
51 4 1
52 0 6
53 10 12
54 5 11
55 6 4
56 5 10
57 6 2
58 11 3
59 0 2
60 7 7
61 11 5
62 0 3
63 4 1
ORS: day OR start end
0 0 0 32
1 0 0 32
2 0 0 32
3 0 0 32
4 0 0 32
start times:
0 8 16 24
end times:
8 16 24 32
load:
2.5125