20 84 2 5
patients: ID surgeon priority leader_priority duration
0 5 13
1 4 3
2 3 3
3 9 6
4 17 6
5 19 8
6 2 11
7 14 1
8 7 6
9 3 27
10 14 3
11 8 3
12 13 5
13 8 4
14 12 4
15 18 4
16 14 14
17 7 7
18 4 10
19 1 5
20 13 18
21 17 17
22 17 4
23 9 3
24 5 6
25 14 7
26 15 2
27 3 6
28 18 6
29 12 15
30 2 1
31 0 7
32 3 14
33 10 1
34 12 11
35 11 8
36 13 4
37 16 8
38 8 5
39 0 7
40 3 10
41 13 12
42 16 6
43 2 7
44 12 7
45 0 3
46 6 10
47 16 7
48 12 6
49 13 13
50 8 3
51 19 8
52 4 4
53 1 5
54 2 8
55 10 6
56 14 7
57 17 6
58 13 6
59 18 6
60 17 9
61 1 2
62 1 7
63 8 24
64 18 14
65 17 6
66 2 5
67 19 4
68 19 3
69 18 14
70 18 4
71 2 18
72 16 13
73 11 10
74 17 4
75 17 13
76 15 1
77 17 13
78 10 1
79 11 4
80 19 13
81 18 10
82 17 13
83 9 11
ORS: day OR start end
0 0 0 32
0 1 0 32
1 0 0 32
1 1 0 32
2 0 0 32
2 1 0 32
3 0 0 32
3 1 0 32
4 0 0 32
4 1 0 32
start times:
0 8 16 24
end times:
8 16 24 32
load:
2.028125