20 127 4 5
patients: ID surgeon priority leader_priority duration
0 18 5
1 7 7
2 9 3
3 2 10
4 16 6
5 7 6
6 13 1
7 15 4
8 12 1
9 17 2
10 13 3
11 2 10
12 7 3
13 10 3
14 9 2
15 17 6
16 17 2
17 4 10
18 1 1
19 15 2
20 15 6
21 12 4
22 6 10
23 6 3
24 1 13
25 5 6
26 19 5
27 17 6
28 1 3
29 18 14
30 18 6
31 15 13
32 10 1
33 3 8
34 18 6
35 10 2
36 14 13
37 10 6
38 14 5
39 2 3
40 18 2
41 17 5
42 19 1
43 1 5
44 6 10
45 12 5
46 12 10
47 11 6
48 14 3
49 1 2
50 2 7
51 10 2
52 4 3
53 14 18
54 16 10
55 11 2
56 10 18
57 13 4
58 8 3
59 19 8
60 3 3
61 19 3
62 14 6
63 3 4
64 19 6
65 9 7
66 19 6
67 5 3
68 4 4
69 1 13
70 9 3
71 7 1
72 1 6
73 12 5
74 7 3
75 5 3
76 9 4
77 14 6
78 19 3
79 7 3
80 5 6
81 18 6
82 7 4
83 19 4
84 12 5
85 8 18
86 14 5
87 12 3
88 1 16
89 7 2
90 8 3
91 15 5
92 10 3
93 14 6
94 4 1
95 4 6
96 18 11
97 8 1
98 18 1
99 0 5
100 15 6
101 15 3
102 7 2
103 0 30
104 16 16
105 10 2
106 2 9
107 7 10
108 2 5
109 19 2
110 3 11
111 3 4
112 11 13
113 7 1
114 2 7
115 14 18
116 5 10
117 3 17
118 3 3
119 7 6
120 0 6
121 5 6
122 8 7
123 3 3
124 18 5
125 8 17
126 5 2
ORS: day OR start end
0 0 0 32
0 1 0 32
0 2 0 32
0 3 0 32
1 0 0 32
1 1 0 32
1 2 0 32
1 3 0 32
2 0 0 32
2 1 0 32
2 2 0 32
2 3 0 32
3 0 0 32
3 1 0 32
3 2 0 32
3 3 0 32
4 0 0 32
4 1 0 32
4 2 0 32
4 3 0 32
start times:
0 8 16 24
end times:
8 16 24 32
load:
1.2