20 191 4 5
patients: ID surgeon priority leader_priority duration
0 2 11
1 19 6
2 11 8
3 10 11
4 3 13
5 16 2
6 16 1
7 5 6
8 5 4
9 16 2
10 9 13
11 18 4
12 4 1
13 18 2
14 3 2
15 17 4
16 18 11
17 16 4
18 18 3
19 7 3
20 8 4
21 12 10
22 9 1
23 18 2
24 0 8
25 10 10
26 17 18
27 1 9
28 10 4
29 16 3
30 12 8
31 13 2
32 17 7
33 12 3
34 13 10
35 19 11
36 16 14
37 11 1
38 12 5
39 0 3
40 6 6
41 15 18
42 16 7
43 18 1
44 16 13
45 14 5
46 3 7
47 11 10
48 14 7
49 5 3
50 3 1
51 8 6
52 16 6
53 13 4
54 4 6
55 0 4
56 13 7
57 15 13
58 3 7
59 3 2
60 9 4
61 9 12
62 13 4
63 12 13
64 0 8
65 16 6
66 2 11
67 17 1
68 3 3
69 6 6
70 10 1
71 12 5
72 4 4
73 9 3
74 19 6
75 13 3
76 17 18
77 8 10
78 19 18
79 14 16
80 16 4
81 8 5
82 1 6
83 4 4
84 12 10
85 11 3
86 6 7
87 17 7
88 19 1
89 16 10
90 17 5
91 11 10
92 8 7
93 4 7
94 3 4
95 6 3
96 2 3
97 9 3
98 2 2
99 14 10
100 15 4
101 15 16
102 19 6
103 18 10
104 13 2
105 9 3
106 12 16
107 5 1
108 2 3
109 1 7
110 0 6
111 0 6
112 6 5
113 3 6
114 0 5
115 7 16
116 11 10
117 4 5
118 4 3
119 18 18
120 2 6
121 6 4
122 15 10
123 4 2
124 8 6
125 16 11
126 17 6
127 8 6
128 4 1
129 3 6
130 12 8
131 0 6
132 18 2
133 19 3
134 14 14
135 1 7
136 12 5
137 5 10
138 3 15
139 9 3
140 5 4
141 11 4
142 0 5
143 10 13
144 9 12
145 17 6
146 5 3
147 9 4
148 5 2
149 17 2
150 1 6
151 19 18
152 15 6
153 13 5
154 19 16
155 6 4
156 0 16
157 10 5
158 6 9
159 0 3
160 15 16
161 12 12
162 7 4
163 7 14
164 11 2
165 11 13
166 15 9
167 14 5
168 4 6
169 5 2
170 3 4
171 6 10
172 3 13
173 16 5
174 4 3
175 9 14
176 15 1
177 10 3
178 7 4
179 4 8
180 3 6
181 3 6
182 10 14
183 4 4
184 6 2
185 5 5
186 2 10
187 10 11
188 17 7
189 14 6
190 13 8
ORS: day OR start end
0 0 0 32
0 1 0 32
0 2 0 32
0 3 0 32
1 0 0 32
1 1 0 32
1 2 0 32
1 3 0 32
2 0 0 32
2 1 0 32
2 2 0 32
2 3 0 32
3 0 0 32
3 1 0 32
3 2 0 32
3 3 0 32
4 0 0 32
4 1 0 32
4 2 0 32
4 3 0 32
start times:
0 8 16 24
end times:
8 16 24 32
load:
2.0140625