14 71 2 5
patients: ID surgeon priority leader_priority duration
0 3 1
1 7 5
2 1 1
3 3 2
4 5 3
5 0 9
6 1 3
7 9 3
8 9 4
9 12 16
10 2 3
11 5 18
12 3 10
13 5 10
14 12 2
15 5 3
16 1 6
17 8 13
18 2 7
19 1 7
20 1 7
21 0 4
22 12 2
23 5 3
24 8 12
25 8 1
26 4 11
27 13 11
28 0 6
29 6 6
30 6 6
31 1 8
32 11 3
33 7 11
34 5 1
35 7 10
36 0 2
37 11 10
38 9 11
39 2 6
40 12 3
41 1 14
42 10 3
43 5 10
44 6 6
45 6 10
46 4 4
47 1 12
48 8 6
49 8 23
50 10 6
51 7 14
52 8 8
53 2 6
54 7 5
55 12 3
56 2 4
57 12 8
58 3 3
59 4 12
60 12 2
61 7 1
62 11 9
63 1 16
64 3 1
65 1 6
66 1 5
67 10 7
68 1 5
69 11 11
70 5 2
ORS: day OR start end
0 0 0 32
0 1 0 32
1 0 0 32
1 1 0 32
2 0 0 32
2 1 0 32
3 0 0 32
3 1 0 32
4 0 0 32
4 1 0 32
start times:
0 8 16 24
end times:
8 16 24 32
load:
1.50625