20 109 4 5
patients: ID surgeon priority leader_priority duration
0 10 1
1 3 6
2 13 3
3 6 8
4 1 10
5 16 6
6 8 2
7 4 14
8 7 1
9 12 6
10 4 6
11 5 7
12 12 4
13 11 6
14 3 2
15 0 1
16 8 4
17 11 5
18 6 11
19 1 14
20 4 12
21 14 3
22 15 3
23 12 3
24 5 4
25 12 7
26 12 7
27 7 11
28 17 6
29 5 4
30 15 8
31 7 2
32 12 6
33 4 5
34 0 2
35 9 7
36 4 3
37 14 5
38 7 5
39 2 1
40 3 1
41 1 14
42 11 10
43 6 2
44 3 11
45 0 16
46 17 6
47 12 11
48 11 18
49 11 20
50 4 16
51 16 12
52 17 9
53 10 13
54 17 5
55 13 1
56 7 10
57 7 4
58 8 5
59 5 6
60 8 20
61 14 14
62 2 7
63 10 2
64 13 13
65 10 1
66 4 4
67 18 10
68 1 2
69 1 2
70 4 4
71 5 5
72 10 11
73 12 17
74 5 8
75 14 3
76 4 3
77 6 14
78 18 3
79 0 2
80 8 8
81 18 4
82 5 6
83 11 9
84 14 3
85 3 3
86 18 10
87 14 1
88 5 8
89 10 1
90 1 6
91 1 2
92 1 20
93 14 4
94 4 6
95 8 13
96 17 7
97 6 4
98 3 10
99 9 13
100 14 5
101 10 7
102 1 3
103 6 18
104 16 3
105 1 3
106 17 18
107 2 13
108 6 3
ORS: day OR start end
0 0 0 32
0 1 0 32
0 2 0 32
0 3 0 32
1 0 0 32
1 1 0 32
1 2 0 32
1 3 0 32
2 0 0 32
2 1 0 32
2 2 0 32
2 3 0 32
3 0 0 32
3 1 0 32
3 2 0 32
3 3 0 32
4 0 0 32
4 1 0 32
4 2 0 32
4 3 0 32
start times:
0 8 16 24
end times:
8 16 24 32
load:
1.1984375