14 79 2 5
patients: ID surgeon priority leader_priority duration
0 10 3
1 11 11
2 2 6
3 3 3
4 3 6
5 6 5
6 10 5
7 1 1
8 4 6
9 13 10
10 10 12
11 1 11
12 5 5
13 9 10
14 9 4
15 3 2
16 13 6
17 3 7
18 11 2
19 12 6
20 5 7
21 12 4
22 0 4
23 3 4
24 6 5
25 11 12
26 2 10
27 10 3
28 8 5
29 0 3
30 12 6
31 6 4
32 4 7
33 2 5
34 6 1
35 0 7
36 10 5
37 13 2
38 12 4
39 7 10
40 0 3
41 1 5
42 5 3
43 7 18
44 11 4
45 5 5
46 4 1
47 5 6
48 4 2
49 7 4
50 1 5
51 8 16
52 6 18
53 7 5
54 13 4
55 13 8
56 10 4
57 12 17
58 13 3
59 12 3
60 1 1
61 9 4
62 4 9
63 11 2
64 3 18
65 12 6
66 7 3
67 10 8
68 0 5
69 1 5
70 9 9
71 4 3
72 12 5
73 4 9
74 8 4
75 8 1
76 3 10
77 7 18
78 0 2
ORS: day OR start end
0 0 0 32
0 1 0 32
1 0 0 32
1 1 0 32
2 0 0 32
2 1 0 32
3 0 0 32
3 1 0 32
4 0 0 32
4 1 0 32
start times:
0 8 16 24
end times:
8 16 24 32
load:
1.515625