12 63 1 5
patients: ID surgeon priority leader_priority duration
0 9 4
1 2 5
2 11 5
3 6 10
4 11 3
5 6 4
6 2 3
7 1 6
8 0 3
9 6 6
10 10 2
11 4 4
12 0 6
13 9 4
14 0 13
15 0 5
16 8 12
17 4 9
18 6 5
19 1 5
20 7 10
21 10 11
22 5 4
23 3 6
24 1 4
25 1 18
26 11 6
27 7 8
28 2 12
29 8 6
30 10 27
31 7 1
32 8 3
33 9 6
34 11 1
35 1 5
36 1 7
37 1 8
38 10 12
39 2 13
40 10 7
41 6 6
42 0 1
43 3 2
44 6 1
45 5 6
46 10 10
47 1 7
48 1 10
49 0 4
50 2 5
51 6 16
52 1 10
53 6 3
54 5 3
55 1 3
56 0 7
57 9 3
58 2 6
59 3 1
60 0 6
61 6 2
62 3 1
ORS: day OR start end
0 0 0 32
1 0 0 32
2 0 0 32
3 0 0 32
4 0 0 32
start times:
0 8 16 24
end times:
8 16 24 32
load:
2.5125