14 44 1 5
patients: ID surgeon priority leader_priority duration
0 0 6
1 4 3
2 3 3
3 13 10
4 11 3
5 9 3
6 1 13
7 0 18
8 2 5
9 3 12
10 1 14
11 13 11
12 10 4
13 9 2
14 12 4
15 8 6
16 1 22
17 4 11
18 8 2
19 7 13
20 2 1
21 5 11
22 2 3
23 0 6
24 1 6
25 7 6
26 5 13
27 2 1
28 5 3
29 6 7
30 8 13
31 4 11
32 11 18
33 13 6
34 8 6
35 0 3
36 9 1
37 3 6
38 11 1
39 12 2
40 11 6
41 2 10
42 12 14
43 0 1
ORS: day OR start end
0 0 0 32
1 0 0 32
2 0 0 32
3 0 0 32
4 0 0 32
start times:
0 8 16 24
end times:
8 16 24 32
load:
2.0