10 44 1 5
patients: ID surgeon priority leader_priority duration
0 6 6
1 5 3
2 1 3
3 6 10
4 0 3
5 8 3
6 1 13
7 5 18
8 9 5
9 3 12
10 8 14
11 0 11
12 0 4
13 1 2
14 4 4
15 2 6
16 9 22
17 5 11
18 8 2
19 5 13
20 8 1
21 7 11
22 9 3
23 0 6
24 1 6
25 7 6
26 5 13
27 2 1
28 3 3
29 8 7
30 6 13
31 1 11
32 4 18
33 8 6
34 1 6
35 5 3
36 9 1
37 2 6
38 5 1
39 8 2
40 0 6
41 7 10
42 3 14
43 1 1
ORS: day OR start end
0 0 0 32
1 0 0 32
2 0 0 32
3 0 0 32
4 0 0 32
start times:
0 8 16 24
end times:
8 16 24 32
load:
2.0