20 164 4 5
patients: ID surgeon priority leader_priority duration
0 2 6
1 13 10
2 16 10
3 7 18
4 5 10
5 7 6
6 1 1
7 2 7
8 11 3
9 6 5
10 16 17
11 11 3
12 9 16
13 17 4
14 18 5
15 9 13
16 6 10
17 3 6
18 12 7
19 7 6
20 0 6
21 6 6
22 11 8
23 16 14
24 10 3
25 3 3
26 4 1
27 1 8
28 17 1
29 19 8
30 13 11
31 2 18
32 2 6
33 12 13
34 0 1
35 5 3
36 12 6
37 0 14
38 13 5
39 7 14
40 11 8
41 2 6
42 4 15
43 18 10
44 4 10
45 18 5
46 2 5
47 7 2
48 2 13
49 18 1
50 0 1
51 1 4
52 17 13
53 11 6
54 2 1
55 2 7
56 17 1
57 0 2
58 18 5
59 7 10
60 7 1
61 0 1
62 6 16
63 3 6
64 7 16
65 2 10
66 2 11
67 4 1
68 1 4
69 7 6
70 1 4
71 4 7
72 9 7
73 11 3
74 9 4
75 14 9
76 16 4
77 14 7
78 17 18
79 17 16
80 2 18
81 4 11
82 11 3
83 1 3
84 9 9
85 7 3
86 6 10
87 12 10
88 2 13
89 18 8
90 15 13
91 18 5
92 13 4
93 14 2
94 13 4
95 0 4
96 1 5
97 11 4
98 6 4
99 10 2
100 13 10
101 1 13
102 8 10
103 10 8
104 8 5
105 6 1
106 15 16
107 13 11
108 9 2
109 10 4
110 6 3
111 5 5
112 8 1
113 18 3
114 7 5
115 7 1
116 8 3
117 15 8
118 10 1
119 5 14
120 14 7
121 8 10
122 0 3
123 13 18
124 1 10
125 7 5
126 5 3
127 18 8
128 7 6
129 4 5
130 1 3
131 6 8
132 15 4
133 0 16
134 5 4
135 14 2
136 4 14
137 9 4
138 6 4
139 16 1
140 12 18
141 4 5
142 12 3
143 11 6
144 17 12
145 13 1
146 16 14
147 18 14
148 17 15
149 16 2
150 16 9
151 7 7
152 19 4
153 19 12
154 10 10
155 8 6
156 4 1
157 1 10
158 18 10
159 11 2
160 1 3
161 6 2
162 9 1
163 13 1
ORS: day OR start end
0 0 0 32
0 1 0 32
0 2 0 32
0 3 0 32
1 0 0 32
1 1 0 32
1 2 0 32
1 3 0 32
2 0 0 32
2 1 0 32
2 2 0 32
2 3 0 32
3 0 0 32
3 1 0 32
3 2 0 32
3 3 0 32
4 0 0 32
4 1 0 32
4 2 0 32
4 3 0 32
start times:
0 8 16 24
end times:
8 16 24 32
load:
1.796875