12 44 1 5
patients: ID surgeon priority leader_priority duration
0 3 6
1 2 3
2 4 3
3 0 10
4 10 3
5 3 3
6 4 13
7 6 18
8 0 5
9 4 12
10 8 14
11 0 11
12 9 4
13 11 2
14 3 4
15 2 6
16 8 22
17 5 11
18 5 2
19 6 13
20 1 1
21 4 11
22 2 3
23 8 6
24 0 6
25 10 6
26 8 13
27 7 1
28 3 3
29 11 7
30 0 13
31 6 11
32 5 18
33 2 6
34 10 6
35 8 3
36 5 1
37 11 6
38 2 1
39 1 2
40 0 6
41 3 10
42 10 14
43 0 1
ORS: day OR start end
0 0 0 32
1 0 0 32
2 0 0 32
3 0 0 32
4 0 0 32
start times:
0 8 16 24
end times:
8 16 24 32
load:
2.0