14 103 2 5
patients: ID surgeon priority leader_priority duration
0 3 3
1 0 5
2 11 4
3 6 3
4 12 6
5 9 6
6 6 6
7 6 2
8 1 2
9 8 6
10 9 4
11 11 2
12 6 8
13 5 4
14 0 1
15 12 11
16 9 6
17 5 6
18 11 6
19 6 11
20 0 4
21 8 2
22 3 6
23 6 18
24 12 4
25 7 6
26 6 1
27 2 2
28 1 3
29 3 4
30 9 2
31 8 10
32 3 6
33 12 3
34 7 10
35 6 6
36 13 3
37 9 5
38 8 7
39 7 4
40 4 5
41 2 6
42 4 6
43 1 4
44 2 3
45 1 1
46 6 2
47 0 3
48 12 6
49 13 4
50 2 5
51 6 3
52 6 2
53 9 18
54 11 5
55 7 10
56 1 3
57 5 8
58 7 6
59 0 8
60 8 10
61 11 1
62 4 4
63 10 11
64 6 16
65 10 3
66 2 8
67 12 1
68 6 6
69 13 4
70 0 7
71 8 6
72 9 6
73 4 1
74 13 5
75 9 1
76 12 3
77 11 6
78 4 3
79 6 3
80 2 1
81 5 10
82 4 3
83 12 16
84 11 18
85 13 3
86 13 8
87 2 4
88 0 4
89 8 3
90 10 6
91 7 14
92 10 5
93 8 5
94 8 10
95 6 9
96 2 12
97 8 4
98 8 3
99 0 3
100 11 6
101 6 3
102 2 13
ORS: day OR start end
0 0 0 32
0 1 0 32
1 0 0 32
1 1 0 32
2 0 0 32
2 1 0 32
3 0 0 32
3 1 0 32
4 0 0 32
4 1 0 32
start times:
0 8 16 24
end times:
8 16 24 32
load:
1.825