12 57 1 5
patients: ID surgeon priority leader_priority duration
0 1 4
1 3 10
2 8 6
3 11 17
4 0 11
5 9 2
6 8 4
7 1 3
8 0 6
9 3 14
10 5 6
11 0 18
12 2 9
13 9 5
14 7 6
15 11 5
16 7 7
17 0 4
18 6 11
19 3 6
20 8 18
21 2 16
22 10 3
23 7 8
24 0 13
25 0 10
26 3 1
27 9 3
28 5 1
29 10 4
30 7 11
31 1 7
32 5 13
33 7 4
34 1 1
35 8 15
36 0 3
37 1 8
38 4 5
39 8 6
40 9 7
41 6 7
42 8 4
43 9 6
44 1 5
45 5 5
46 9 15
47 3 5
48 9 3
49 7 1
50 1 4
51 10 6
52 5 13
53 1 6
54 5 4
55 2 6
56 1 1
ORS: day OR start end
0 0 0 32
1 0 0 32
2 0 0 32
3 0 0 32
4 0 0 32
start times:
0 8 16 24
end times:
8 16 24 32
load:
2.5125