20 98 4 5
patients: ID surgeon priority leader_priority duration
0 2 11
1 12 6
2 12 6
3 3 12
4 0 6
5 2 7
6 4 12
7 6 11
8 8 10
9 6 1
10 3 11
11 14 8
12 11 9
13 17 6
14 7 3
15 16 5
16 16 1
17 19 10
18 19 7
19 15 10
20 1 15
21 0 3
22 6 5
23 9 18
24 12 14
25 13 2
26 17 1
27 17 6
28 11 5
29 6 12
30 9 12
31 17 10
32 14 6
33 2 5
34 6 16
35 9 13
36 3 10
37 8 6
38 2 11
39 17 3
40 10 6
41 2 16
42 13 3
43 11 8
44 4 5
45 13 1
46 7 12
47 2 5
48 1 8
49 5 1
50 0 7
51 8 14
52 8 3
53 9 6
54 14 12
55 16 1
56 9 1
57 13 18
58 15 6
59 4 2
60 5 10
61 12 15
62 6 7
63 17 7
64 4 11
65 19 8
66 1 6
67 9 13
68 4 1
69 8 3
70 4 4
71 2 5
72 9 9
73 1 13
74 2 18
75 15 18
76 17 4
77 8 16
78 18 8
79 12 2
80 12 6
81 3 3
82 0 11
83 14 6
84 10 1
85 2 6
86 3 3
87 7 10
88 2 8
89 11 12
90 7 8
91 18 10
92 3 6
93 9 6
94 14 8
95 14 18
96 3 6
97 5 5
ORS: day OR start end
0 0 0 32
0 1 0 32
0 2 0 32
0 3 0 32
1 0 0 32
1 1 0 32
1 2 0 32
1 3 0 32
2 0 0 32
2 1 0 32
2 2 0 32
2 3 0 32
3 0 0 32
3 1 0 32
3 2 0 32
3 3 0 32
4 0 0 32
4 1 0 32
4 2 0 32
4 3 0 32
start times:
0 8 16 24
end times:
8 16 24 32
load:
1.2046875