10 45 1 5
patients: ID surgeon priority leader_priority duration
0 3 6
1 7 18
2 9 14
3 6 2
4 6 2
5 5 6
6 0 2
7 0 2
8 7 13
9 3 13
10 3 7
11 0 5
12 3 3
13 3 4
14 8 3
15 6 10
16 1 11
17 7 13
18 3 6
19 5 3
20 0 6
21 0 1
22 7 3
23 0 11
24 2 3
25 3 3
26 8 13
27 5 2
28 7 6
29 3 6
30 7 16
31 9 1
32 9 6
33 4 8
34 9 7
35 9 3
36 5 20
37 4 3
38 6 3
39 2 3
40 3 5
41 8 4
42 5 7
43 1 3
44 9 3
ORS: day OR start end
0 0 0 32
1 0 0 32
2 0 0 32
3 0 0 32
4 0 0 32
start times:
0 8 16 24
end times:
8 16 24 32
load:
1.80625