20 196 4 5
patients: ID surgeon priority leader_priority duration
0 18 14
1 17 3
2 4 3
3 19 4
4 15 5
5 3 3
6 14 4
7 12 7
8 9 5
9 15 4
10 11 6
11 13 10
12 3 5
13 10 6
14 0 1
15 16 6
16 0 12
17 3 10
18 10 8
19 18 2
20 15 10
21 0 7
22 17 13
23 1 1
24 14 2
25 3 6
26 17 16
27 19 6
28 17 8
29 13 1
30 2 8
31 8 13
32 6 6
33 4 7
34 16 14
35 8 6
36 6 1
37 15 2
38 8 11
39 2 5
40 13 11
41 14 3
42 16 4
43 17 6
44 4 20
45 18 10
46 13 18
47 3 2
48 3 14
49 11 7
50 6 1
51 17 2
52 18 3
53 10 10
54 19 11
55 4 3
56 13 6
57 11 1
58 15 7
59 14 6
60 4 2
61 7 5
62 16 2
63 13 4
64 17 4
65 6 10
66 7 4
67 16 4
68 12 6
69 3 2
70 18 2
71 14 6
72 14 11
73 6 18
74 13 1
75 2 10
76 1 14
77 10 2
78 13 7
79 9 12
80 3 25
81 9 6
82 0 9
83 5 5
84 3 10
85 18 4
86 2 6
87 3 8
88 7 4
89 17 6
90 10 8
91 5 18
92 10 4
93 4 2
94 3 3
95 12 4
96 1 10
97 5 4
98 2 18
99 15 6
100 11 4
101 19 5
102 18 6
103 8 4
104 14 3
105 1 11
106 10 6
107 13 6
108 9 4
109 13 18
110 5 1
111 9 2
112 18 7
113 14 5
114 17 6
115 18 10
116 16 9
117 9 4
118 2 5
119 10 7
120 15 7
121 13 5
122 3 11
123 6 2
124 7 2
125 17 10
126 2 6
127 17 6
128 5 7
129 10 2
130 7 7
131 4 3
132 1 7
133 8 4
134 3 18
135 9 2
136 15 2
137 9 11
138 3 7
139 18 3
140 1 1
141 14 10
142 2 6
143 17 5
144 8 1
145 7 8
146 0 11
147 15 6
148 17 3
149 19 6
150 11 5
151 15 11
152 6 14
153 3 8
154 15 10
155 13 5
156 0 4
157 16 2
158 5 1
159 9 11
160 4 7
161 5 7
162 13 11
163 14 4
164 17 5
165 6 6
166 9 6
167 11 3
168 1 10
169 17 4
170 11 5
171 7 10
172 12 13
173 0 6
174 16 3
175 16 10
176 0 5
177 8 1
178 2 6
179 12 2
180 6 4
181 7 3
182 11 2
183 9 6
184 3 4
185 6 16
186 9 4
187 9 5
188 12 10
189 13 6
190 2 7
191 19 6
192 2 17
193 15 3
194 18 1
195 14 3
ORS: day OR start end
0 0 0 32
0 1 0 32
0 2 0 32
0 3 0 32
1 0 0 32
1 1 0 32
1 2 0 32
1 3 0 32
2 0 0 32
2 1 0 32
2 2 0 32
2 3 0 32
3 0 0 32
3 1 0 32
3 2 0 32
3 3 0 32
4 0 0 32
4 1 0 32
4 2 0 32
4 3 0 32
start times:
0 8 16 24
end times:
8 16 24 32
load:
2.009375