12 45 1 5
patients: ID surgeon priority leader_priority duration
0 1 14
1 5 6
2 8 6
3 1 3
4 9 3
5 1 8
6 6 10
7 11 3
8 10 3
9 6 6
10 10 20
11 2 5
12 5 18
13 0 6
14 2 8
15 10 9
16 2 10
17 5 5
18 0 4
19 7 3
20 4 2
21 3 7
22 3 6
23 6 4
24 11 7
25 0 6
26 1 4
27 6 2
28 11 3
29 4 10
30 5 3
31 8 13
32 8 8
33 11 6
34 9 6
35 9 6
36 7 1
37 2 10
38 1 6
39 1 6
40 11 6
41 10 2
42 10 4
43 3 25
44 3 18
ORS: day OR start end
0 0 0 32
1 0 0 32
2 0 0 32
3 0 0 32
4 0 0 32
start times:
0 8 16 24
end times:
8 16 24 32
load:
2.00625