14 56 2 5
patients: ID surgeon priority leader_priority duration
0 11 4
1 0 17
2 10 2
3 5 13
4 9 3
5 1 12
6 10 20
7 6 4
8 4 1
9 7 5
10 1 6
11 7 6
12 7 12
13 4 10
14 9 4
15 9 4
16 13 2
17 8 3
18 10 10
19 1 5
20 4 7
21 3 1
22 11 24
23 12 11
24 12 18
25 1 8
26 2 6
27 8 2
28 12 6
29 1 6
30 5 8
31 8 1
32 10 10
33 6 3
34 11 10
35 9 2
36 1 7
37 3 3
38 2 11
39 0 4
40 1 4
41 2 7
42 3 2
43 1 18
44 8 5
45 10 3
46 4 2
47 7 4
48 8 5
49 0 18
50 12 1
51 2 4
52 2 5
53 11 2
54 0 10
55 13 4
ORS: day OR start end
0 0 0 32
0 1 0 32
1 0 0 32
1 1 0 32
2 0 0 32
2 1 0 32
3 0 0 32
3 1 0 32
4 0 0 32
4 1 0 32
start times:
0 8 16 24
end times:
8 16 24 32
load:
1.203125