14 65 2 5
patients: ID surgeon priority leader_priority duration
0 1 8
1 13 5
2 3 7
3 7 10
4 6 2
5 10 2
6 6 6
7 7 18
8 3 5
9 7 4
10 8 8
11 11 11
12 10 10
13 6 4
14 7 22
15 11 18
16 5 3
17 7 4
18 3 11
19 6 3
20 0 4
21 4 3
22 8 1
23 12 10
24 8 3
25 6 13
26 0 6
27 4 10
28 7 30
29 10 7
30 8 2
31 5 2
32 6 12
33 11 3
34 13 4
35 6 2
36 1 5
37 7 11
38 2 11
39 13 7
40 3 3
41 8 2
42 7 5
43 6 5
44 13 1
45 2 6
46 13 16
47 9 6
48 1 14
49 12 3
50 7 9
51 1 6
52 3 14
53 0 1
54 7 3
55 1 5
56 7 11
57 3 5
58 11 7
59 8 6
60 13 14
61 1 18
62 2 1
63 2 7
64 6 7
ORS: day OR start end
0 0 0 32
0 1 0 32
1 0 0 32
1 1 0 32
2 0 0 32
2 1 0 32
3 0 0 32
3 1 0 32
4 0 0 32
4 1 0 32
start times:
0 8 16 24
end times:
8 16 24 32
load:
1.50625