20 168 4 5
patients: ID surgeon priority leader_priority duration
0 10 7
1 7 2
2 10 6
3 17 8
4 5 11
5 4 7
6 19 1
7 18 4
8 9 7
9 6 2
10 1 5
11 14 12
12 6 3
13 4 1
14 16 16
15 15 6
16 10 5
17 6 5
18 17 3
19 15 4
20 12 17
21 17 3
22 2 4
23 2 7
24 10 10
25 14 5
26 4 1
27 17 8
28 10 10
29 16 6
30 2 2
31 7 13
32 17 2
33 1 30
34 1 6
35 1 10
36 11 6
37 18 8
38 13 10
39 13 4
40 14 6
41 18 1
42 13 5
43 1 10
44 2 7
45 9 11
46 18 4
47 4 2
48 10 5
49 7 4
50 17 18
51 19 6
52 17 2
53 0 5
54 6 5
55 1 4
56 5 4
57 15 7
58 17 16
59 9 3
60 8 13
61 6 3
62 16 4
63 3 16
64 19 3
65 14 5
66 4 6
67 8 11
68 2 6
69 0 10
70 13 13
71 14 6
72 19 2
73 7 4
74 4 10
75 8 2
76 0 4
77 17 10
78 4 11
79 9 1
80 13 8
81 4 3
82 7 20
83 15 3
84 18 10
85 3 5
86 12 18
87 11 5
88 3 6
89 17 7
90 14 4
91 13 9
92 2 8
93 16 4
94 4 10
95 16 7
96 17 6
97 4 2
98 17 4
99 16 5
100 18 18
101 14 2
102 1 1
103 19 3
104 18 3
105 3 13
106 5 7
107 18 18
108 9 16
109 1 4
110 8 3
111 18 6
112 17 9
113 2 11
114 13 13
115 4 9
116 2 2
117 3 2
118 9 3
119 11 3
120 6 10
121 2 6
122 7 3
123 6 10
124 15 17
125 8 6
126 17 7
127 14 14
128 10 3
129 6 6
130 16 3
131 15 5
132 19 1
133 19 3
134 10 9
135 15 6
136 4 3
137 3 3
138 15 2
139 8 6
140 13 2
141 0 5
142 18 3
143 7 20
144 13 6
145 4 11
146 17 11
147 9 11
148 3 11
149 6 3
150 11 1
151 15 3
152 2 3
153 12 3
154 8 18
155 16 11
156 2 13
157 2 4
158 11 6
159 1 8
160 6 3
161 15 5
162 11 10
163 5 5
164 19 6
165 12 10
166 2 5
167 11 3
ORS: day OR start end
0 0 0 32
0 1 0 32
0 2 0 32
0 3 0 32
1 0 0 32
1 1 0 32
1 2 0 32
1 3 0 32
2 0 0 32
2 1 0 32
2 2 0 32
2 3 0 32
3 0 0 32
3 1 0 32
3 2 0 32
3 3 0 32
4 0 0 32
4 1 0 32
4 2 0 32
4 3 0 32
start times:
0 8 16 24
end times:
8 16 24 32
load:
1.8046875