20 88 2 5
patients: ID surgeon priority leader_priority duration
0 1 6
1 18 5
2 15 2
3 12 14
4 2 6
5 7 8
6 8 10
7 17 12
8 10 10
9 7 6
10 16 5
11 16 4
12 18 6
13 12 20
14 8 5
15 18 18
16 2 5
17 10 10
18 13 16
19 8 6
20 7 8
21 6 2
22 9 2
23 13 12
24 6 7
25 3 7
26 8 14
27 17 5
28 10 4
29 13 12
30 12 14
31 1 8
32 10 11
33 1 8
34 3 9
35 12 4
36 15 7
37 0 7
38 14 6
39 0 1
40 4 3
41 7 6
42 17 3
43 10 6
44 19 11
45 1 3
46 3 3
47 16 6
48 13 8
49 6 5
50 13 10
51 11 1
52 17 4
53 5 11
54 9 3
55 5 10
56 16 12
57 11 13
58 6 12
59 15 4
60 14 10
61 9 3
62 2 20
63 4 6
64 17 1
65 6 1
66 9 6
67 6 3
68 3 3
69 14 7
70 17 7
71 12 15
72 4 4
73 9 4
74 12 18
75 1 14
76 3 1
77 18 14
78 9 1
79 5 4
80 12 10
81 9 3
82 11 6
83 0 4
84 17 1
85 18 9
86 18 6
87 15 5
ORS: day OR start end
0 0 0 32
0 1 0 32
1 0 0 32
1 1 0 32
2 0 0 32
2 1 0 32
3 0 0 32
3 1 0 32
4 0 0 32
4 1 0 32
start times:
0 8 16 24
end times:
8 16 24 32
load:
2.00625