14 73 2 5
patients: ID surgeon priority leader_priority duration
0 12 3
1 8 16
2 0 6
3 13 11
4 5 6
5 10 9
6 1 11
7 10 7
8 2 6
9 3 2
10 5 3
11 1 11
12 1 13
13 2 6
14 11 5
15 2 3
16 5 2
17 3 5
18 12 5
19 4 19
20 1 5
21 2 6
22 2 8
23 0 13
24 13 10
25 8 11
26 8 9
27 7 3
28 10 2
29 9 6
30 11 4
31 3 7
32 6 6
33 7 9
34 6 24
35 5 4
36 2 4
37 1 3
38 3 22
39 10 10
40 9 2
41 5 5
42 0 10
43 1 6
44 13 5
45 5 7
46 0 5
47 3 6
48 4 7
49 3 16
50 0 4
51 10 17
52 7 8
53 6 2
54 0 6
55 4 5
56 2 6
57 2 11
58 13 6
59 13 6
60 4 15
61 9 11
62 6 12
63 8 12
64 10 1
65 4 9
66 5 3
67 7 4
68 2 18
69 0 7
70 2 13
71 1 14
72 9 1
ORS: day OR start end
0 0 0 32
0 1 0 32
1 0 0 32
1 1 0 32
2 0 0 32
2 1 0 32
3 0 0 32
3 1 0 32
4 0 0 32
4 1 0 32
start times:
0 8 16 24
end times:
8 16 24 32
load:
1.796875