12 45 1 5
patients: ID surgeon priority leader_priority duration
0 8 10
1 1 12
2 1 5
3 2 2
4 10 3
5 10 10
6 0 3
7 0 1
8 8 1
9 9 2
10 0 10
11 10 1
12 6 3
13 1 3
14 4 4
15 7 2
16 2 7
17 7 6
18 9 6
19 5 3
20 10 5
21 6 4
22 11 15
23 10 8
24 11 14
25 8 7
26 10 12
27 6 5
28 8 1
29 7 2
30 5 1
31 0 6
32 0 4
33 6 7
34 1 10
35 8 1
36 9 6
37 8 6
38 11 6
39 8 4
40 10 6
41 6 3
42 3 8
43 0 3
44 4 2
ORS: day OR start end
0 0 0 32
1 0 0 32
2 0 0 32
3 0 0 32
4 0 0 32
start times:
0 8 16 24
end times:
8 16 24 32
load:
1.5