14 63 2 5
patients: ID surgeon priority leader_priority duration
0 1 1
1 10 10
2 6 5
3 8 5
4 2 15
5 11 4
6 11 6
7 13 2
8 2 3
9 3 13
10 7 14
11 1 2
12 1 8
13 10 6
14 8 5
15 4 12
16 12 13
17 5 15
18 6 15
19 0 12
20 2 3
21 9 3
22 12 3
23 8 4
24 3 6
25 0 6
26 7 13
27 5 2
28 12 7
29 5 1
30 5 12
31 6 16
32 6 2
33 8 1
34 4 5
35 3 1
36 9 3
37 5 2
38 11 5
39 1 3
40 0 6
41 4 9
42 12 5
43 10 6
44 0 1
45 5 1
46 5 4
47 1 1
48 12 7
49 3 8
50 9 7
51 0 16
52 4 3
53 3 7
54 0 4
55 8 11
56 12 3
57 9 10
58 7 3
59 1 3
60 5 3
61 12 1
62 9 1
ORS: day OR start end
0 0 0 32
0 1 0 32
1 0 0 32
1 1 0 32
2 0 0 32
2 1 0 32
3 0 0 32
3 1 0 32
4 0 0 32
4 1 0 32
start times:
0 8 16 24
end times:
8 16 24 32
load:
1.2