14 50 2 5
patients: ID surgeon priority leader_priority duration
0 8 8
1 9 5
2 6 10
3 9 5
4 12 7
5 13 4
6 8 4
7 13 3
8 12 28
9 2 11
10 0 3
11 2 4
12 9 6
13 9 5
14 5 11
15 9 6
16 2 6
17 3 3
18 12 8
19 12 1
20 9 6
21 12 14
22 1 5
23 8 6
24 8 6
25 4 5
26 3 5
27 12 3
28 8 13
29 8 13
30 6 12
31 0 6
32 3 9
33 10 18
34 7 3
35 12 4
36 4 6
37 13 4
38 8 6
39 12 7
40 9 10
41 3 18
42 2 1
43 8 3
44 0 16
45 0 7
46 8 7
47 9 10
48 2 16
49 4 8
ORS: day OR start end
0 0 0 32
0 1 0 32
1 0 0 32
1 1 0 32
2 0 0 32
2 1 0 32
3 0 0 32
3 1 0 32
4 0 0 32
4 1 0 32
start times:
0 8 16 24
end times:
8 16 24 32
load:
1.203125