20 161 4 5
patients: ID surgeon priority leader_priority duration
0 9 1
1 5 7
2 1 11
3 8 13
4 1 1
5 13 6
6 19 5
7 5 8
8 1 3
9 18 7
10 8 13
11 11 6
12 10 4
13 8 3
14 10 11
15 18 10
16 0 6
17 1 6
18 13 3
19 15 4
20 16 7
21 19 3
22 17 3
23 17 3
24 12 2
25 6 6
26 16 9
27 17 6
28 4 5
29 0 10
30 0 3
31 18 10
32 10 5
33 14 3
34 9 6
35 9 16
36 17 18
37 7 6
38 1 5
39 0 1
40 10 16
41 9 1
42 1 5
43 6 12
44 1 6
45 19 6
46 0 4
47 6 5
48 4 6
49 14 4
50 13 2
51 0 6
52 17 3
53 2 11
54 10 6
55 12 3
56 0 6
57 15 2
58 7 5
59 13 11
60 8 4
61 1 5
62 17 3
63 7 5
64 19 13
65 8 6
66 17 4
67 12 11
68 16 5
69 9 3
70 18 4
71 1 2
72 4 11
73 15 18
74 8 6
75 16 3
76 10 6
77 10 6
78 15 3
79 0 4
80 17 5
81 7 18
82 13 21
83 2 5
84 9 6
85 10 10
86 19 13
87 0 12
88 1 7
89 4 6
90 12 6
91 12 15
92 0 17
93 3 1
94 14 5
95 17 17
96 9 6
97 9 3
98 1 4
99 16 18
100 3 11
101 16 6
102 11 2
103 11 1
104 7 14
105 7 18
106 4 5
107 11 17
108 0 11
109 4 2
110 3 1
111 17 10
112 7 4
113 14 10
114 0 16
115 8 10
116 0 6
117 3 2
118 13 3
119 3 2
120 11 8
121 16 6
122 11 13
123 19 2
124 11 5
125 2 13
126 10 13
127 9 4
128 6 7
129 10 6
130 18 5
131 2 2
132 17 12
133 16 4
134 16 1
135 2 6
136 2 1
137 19 18
138 7 10
139 15 11
140 16 3
141 6 2
142 13 6
143 14 6
144 18 2
145 7 5
146 8 5
147 6 12
148 12 6
149 10 8
150 0 14
151 15 6
152 18 27
153 0 8
154 14 3
155 18 5
156 16 3
157 4 13
158 17 18
159 6 15
160 5 1
ORS: day OR start end
0 0 0 32
0 1 0 32
0 2 0 32
0 3 0 32
1 0 0 32
1 1 0 32
1 2 0 32
1 3 0 32
2 0 0 32
2 1 0 32
2 2 0 32
2 3 0 32
3 0 0 32
3 1 0 32
3 2 0 32
3 3 0 32
4 0 0 32
4 1 0 32
4 2 0 32
4 3 0 32
start times:
0 8 16 24
end times:
8 16 24 32
load:
1.809375