20 197 4 5
patients: ID surgeon priority leader_priority duration
0 19 4
1 0 3
2 16 2
3 8 4
4 3 6
5 5 11
6 5 4
7 19 5
8 2 12
9 13 10
10 17 6
11 8 6
12 13 2
13 9 4
14 3 4
15 13 6
16 16 7
17 5 9
18 2 5
19 0 3
20 10 7
21 3 6
22 13 10
23 5 4
24 14 4
25 5 2
26 19 4
27 12 6
28 4 6
29 0 4
30 0 1
31 8 20
32 14 6
33 12 5
34 18 4
35 14 3
36 17 6
37 2 12
38 9 2
39 5 4
40 15 1
41 5 1
42 8 7
43 14 1
44 16 16
45 15 2
46 9 6
47 2 17
48 2 2
49 1 3
50 8 5
51 12 15
52 12 10
53 19 18
54 17 5
55 19 1
56 17 10
57 11 18
58 19 15
59 8 2
60 1 3
61 13 6
62 19 12
63 18 14
64 1 4
65 3 1
66 19 10
67 4 2
68 12 6
69 14 13
70 5 2
71 5 16
72 11 13
73 4 7
74 9 6
75 7 16
76 7 3
77 10 12
78 17 2
79 19 3
80 8 8
81 5 14
82 4 13
83 14 3
84 7 16
85 2 15
86 7 12
87 8 2
88 8 8
89 12 2
90 1 20
91 5 5
92 7 4
93 4 10
94 14 4
95 12 1
96 3 4
97 12 6
98 10 5
99 12 6
100 16 2
101 3 8
102 1 12
103 15 9
104 7 7
105 14 7
106 4 9
107 10 4
108 15 3
109 19 9
110 17 10
111 0 6
112 14 3
113 12 3
114 5 10
115 7 3
116 1 18
117 7 12
118 16 6
119 11 5
120 11 6
121 9 5
122 19 6
123 0 3
124 18 6
125 13 1
126 1 5
127 18 6
128 5 18
129 15 5
130 13 14
131 7 5
132 13 3
133 17 12
134 2 6
135 19 3
136 0 2
137 16 3
138 9 6
139 15 6
140 6 3
141 16 6
142 9 5
143 13 5
144 15 3
145 16 14
146 14 11
147 4 4
148 19 2
149 8 13
150 16 5
151 1 4
152 16 18
153 3 2
154 7 1
155 0 2
156 18 6
157 14 3
158 3 6
159 10 3
160 4 5
161 10 5
162 5 4
163 13 2
164 0 15
165 16 6
166 5 12
167 11 9
168 15 3
169 11 3
170 18 1
171 8 9
172 16 6
173 6 2
174 18 14
175 5 4
176 7 3
177 17 7
178 13 3
179 11 5
180 7 2
181 2 10
182 7 4
183 19 2
184 9 3
185 17 3
186 19 7
187 14 3
188 16 2
189 5 6
190 16 5
191 5 18
192 1 11
193 7 3
194 17 4
195 7 5
196 0 6
ORS: day OR start end
0 0 0 32
0 1 0 32
0 2 0 32
0 3 0 32
1 0 0 32
1 1 0 32
1 2 0 32
1 3 0 32
2 0 0 32
2 1 0 32
2 2 0 32
2 3 0 32
3 0 0 32
3 1 0 32
3 2 0 32
3 3 0 32
4 0 0 32
4 1 0 32
4 2 0 32
4 3 0 32
start times:
0 8 16 24
end times:
8 16 24 32
load:
2.0125