20 116 4 5
patients: ID surgeon priority leader_priority duration
0 15 20
1 3 3
2 13 5
3 0 3
4 3 14
5 13 3
6 9 14
7 13 1
8 8 2
9 10 9
10 11 1
11 10 6
12 13 6
13 12 3
14 4 1
15 0 7
16 13 3
17 4 7
18 19 3
19 5 3
20 3 10
21 4 12
22 14 4
23 14 15
24 5 3
25 18 5
26 15 6
27 9 6
28 8 12
29 4 3
30 2 18
31 3 7
32 10 14
33 14 4
34 10 5
35 9 6
36 6 8
37 5 18
38 16 2
39 6 4
40 2 10
41 9 10
42 2 2
43 18 4
44 10 11
45 13 14
46 17 6
47 8 5
48 16 5
49 8 5
50 7 2
51 16 1
52 12 3
53 3 3
54 14 8
55 1 10
56 0 5
57 12 10
58 2 3
59 0 8
60 16 7
61 1 4
62 0 6
63 3 7
64 12 5
65 15 6
66 6 20
67 15 3
68 13 6
69 0 6
70 18 14
71 1 3
72 7 17
73 12 6
74 0 3
75 11 11
76 9 2
77 15 18
78 11 5
79 1 6
80 19 14
81 10 1
82 4 3
83 5 4
84 5 13
85 6 4
86 1 3
87 12 1
88 5 4
89 19 3
90 18 1
91 16 1
92 0 7
93 7 3
94 9 7
95 0 16
96 12 7
97 6 11
98 8 4
99 14 6
100 1 3
101 7 1
102 10 11
103 4 5
104 14 14
105 2 3
106 8 3
107 6 9
108 8 3
109 8 7
110 7 1
111 9 7
112 15 3
113 19 12
114 5 7
115 19 12
ORS: day OR start end
0 0 0 32
0 1 0 32
0 2 0 32
0 3 0 32
1 0 0 32
1 1 0 32
1 2 0 32
1 3 0 32
2 0 0 32
2 1 0 32
2 2 0 32
2 3 0 32
3 0 0 32
3 1 0 32
3 2 0 32
3 3 0 32
4 0 0 32
4 1 0 32
4 2 0 32
4 3 0 32
start times:
0 8 16 24
end times:
8 16 24 32
load:
1.203125