12 66 1 5
patients: ID surgeon priority leader_priority duration
0 6 3
1 4 1
2 10 6
3 7 4
4 1 7
5 7 7
6 1 6
7 7 4
8 5 6
9 1 12
10 4 6
11 1 1
12 10 1
13 4 2
14 2 2
15 11 6
16 5 1
17 7 2
18 1 3
19 8 13
20 3 3
21 3 6
22 1 1
23 1 6
24 10 6
25 5 8
26 9 2
27 3 12
28 3 12
29 7 6
30 10 3
31 8 7
32 7 2
33 7 17
34 1 7
35 5 12
36 10 3
37 0 16
38 4 3
39 8 4
40 1 1
41 8 1
42 11 3
43 1 6
44 7 7
45 6 8
46 2 4
47 6 4
48 7 5
49 10 1
50 5 10
51 1 10
52 2 6
53 3 5
54 10 13
55 8 6
56 4 5
57 2 6
58 3 2
59 10 10
60 10 10
61 7 13
62 9 9
63 9 10
64 9 5
65 10 12
ORS: day OR start end
0 0 0 32
1 0 0 32
2 0 0 32
3 0 0 32
4 0 0 32
start times:
0 8 16 24
end times:
8 16 24 32
load:
2.50625