14 80 2 5
patients: ID surgeon priority leader_priority duration
0 9 14
1 5 7
2 13 4
3 11 1
4 10 4
5 9 16
6 1 6
7 9 3
8 8 2
9 1 5
10 2 6
11 11 6
12 12 5
13 5 4
14 13 3
15 6 10
16 0 9
17 13 9
18 10 6
19 0 7
20 2 4
21 4 17
22 3 10
23 8 4
24 4 3
25 12 2
26 13 6
27 5 7
28 6 5
29 1 2
30 9 6
31 10 7
32 13 5
33 4 5
34 2 17
35 8 1
36 8 4
37 0 1
38 13 1
39 4 6
40 5 6
41 6 6
42 0 2
43 10 4
44 4 3
45 11 7
46 4 11
47 1 3
48 0 2
49 0 18
50 3 16
51 3 7
52 0 6
53 0 15
54 10 5
55 1 10
56 0 14
57 10 3
58 6 17
59 8 6
60 13 6
61 6 8
62 6 8
63 5 11
64 4 6
65 9 6
66 7 13
67 0 18
68 11 16
69 1 1
70 11 10
71 11 2
72 11 1
73 8 16
74 3 5
75 5 5
76 12 8
77 9 13
78 3 16
79 10 7
ORS: day OR start end
0 0 0 32
0 1 0 32
1 0 0 32
1 1 0 32
2 0 0 32
2 1 0 32
3 0 0 32
3 1 0 32
4 0 0 32
4 1 0 32
start times:
0 8 16 24
end times:
8 16 24 32
load:
1.803125