20 105 4 5
patients: ID surgeon priority leader_priority duration
0 11 1
1 10 8
2 5 6
3 4 6
4 11 3
5 11 3
6 5 6
7 9 17
8 5 17
9 11 10
10 8 6
11 14 7
12 10 2
13 18 12
14 6 3
15 0 16
16 15 6
17 19 7
18 3 4
19 12 1
20 2 18
21 9 4
22 19 3
23 5 1
24 4 11
25 4 3
26 12 4
27 13 3
28 10 9
29 6 8
30 19 3
31 8 11
32 15 11
33 18 2
34 10 5
35 5 7
36 12 13
37 12 11
38 19 10
39 3 7
40 4 16
41 10 12
42 18 3
43 11 6
44 9 11
45 5 6
46 8 1
47 5 17
48 3 10
49 16 9
50 1 6
51 1 4
52 1 6
53 9 3
54 6 10
55 17 18
56 3 13
57 16 3
58 19 2
59 9 4
60 4 9
61 4 3
62 10 9
63 6 13
64 10 6
65 10 1
66 17 5
67 7 2
68 19 5
69 11 4
70 9 5
71 7 2
72 13 10
73 2 16
74 2 5
75 19 5
76 1 3
77 2 17
78 7 4
79 4 6
80 13 6
81 15 8
82 11 14
83 1 3
84 10 10
85 5 8
86 3 11
87 17 11
88 16 11
89 11 3
90 7 14
91 2 2
92 11 22
93 9 1
94 6 6
95 14 3
96 4 14
97 13 4
98 5 2
99 10 14
100 18 3
101 11 10
102 8 3
103 0 4
104 11 3
ORS: day OR start end
0 0 0 32
0 1 0 32
0 2 0 32
0 3 0 32
1 0 0 32
1 1 0 32
1 2 0 32
1 3 0 32
2 0 0 32
2 1 0 32
2 2 0 32
2 3 0 32
3 0 0 32
3 1 0 32
3 2 0 32
3 3 0 32
4 0 0 32
4 1 0 32
4 2 0 32
4 3 0 32
start times:
0 8 16 24
end times:
8 16 24 32
load:
1.1953125