20 188 4 5
patients: ID surgeon priority leader_priority duration
0 17 14
1 14 11
2 15 4
3 2 4
4 12 14
5 8 3
6 5 15
7 11 1
8 8 6
9 9 11
10 10 1
11 13 4
12 13 3
13 7 4
14 7 3
15 1 9
16 18 1
17 2 8
18 4 5
19 17 6
20 19 5
21 14 7
22 15 1
23 5 3
24 6 3
25 16 6
26 13 16
27 13 12
28 17 2
29 15 1
30 16 2
31 4 2
32 0 4
33 12 14
34 9 4
35 13 3
36 10 14
37 4 15
38 14 14
39 9 10
40 12 6
41 7 6
42 5 17
43 3 3
44 18 6
45 10 2
46 3 6
47 1 6
48 13 16
49 17 17
50 13 4
51 10 1
52 2 1
53 13 8
54 7 1
55 2 6
56 16 5
57 1 5
58 7 7
59 17 2
60 1 9
61 14 5
62 0 7
63 6 11
64 10 6
65 3 14
66 13 12
67 16 3
68 2 4
69 17 4
70 6 3
71 1 1
72 5 6
73 18 6
74 5 11
75 7 3
76 17 2
77 2 5
78 1 3
79 17 3
80 6 4
81 14 11
82 19 7
83 13 2
84 0 7
85 10 3
86 18 1
87 2 14
88 6 1
89 7 10
90 18 6
91 12 2
92 5 2
93 15 6
94 10 16
95 9 20
96 10 5
97 10 16
98 17 18
99 15 1
100 13 7
101 16 18
102 17 10
103 3 1
104 3 6
105 18 3
106 2 6
107 0 5
108 18 4
109 6 10
110 19 6
111 0 1
112 3 3
113 19 4
114 14 3
115 19 10
116 16 8
117 6 6
118 3 6
119 4 10
120 4 4
121 7 4
122 7 6
123 13 18
124 5 5
125 13 6
126 18 3
127 17 2
128 18 10
129 18 7
130 1 5
131 17 2
132 6 5
133 14 6
134 10 13
135 3 6
136 12 4
137 17 6
138 1 16
139 4 10
140 16 2
141 4 5
142 5 8
143 10 3
144 6 7
145 18 1
146 4 1
147 3 6
148 2 12
149 5 7
150 11 2
151 4 6
152 19 14
153 4 6
154 2 1
155 18 4
156 19 6
157 9 9
158 11 4
159 11 2
160 15 7
161 0 12
162 4 5
163 8 6
164 9 18
165 12 2
166 1 18
167 1 2
168 14 9
169 14 6
170 16 16
171 0 10
172 5 6
173 12 6
174 18 5
175 6 4
176 3 6
177 15 11
178 3 3
179 6 12
180 3 6
181 3 8
182 11 18
183 10 14
184 18 18
185 10 4
186 3 11
187 2 11
ORS: day OR start end
0 0 0 32
0 1 0 32
0 2 0 32
0 3 0 32
1 0 0 32
1 1 0 32
1 2 0 32
1 3 0 32
2 0 0 32
2 1 0 32
2 2 0 32
2 3 0 32
3 0 0 32
3 1 0 32
3 2 0 32
3 3 0 32
4 0 0 32
4 1 0 32
4 2 0 32
4 3 0 32
start times:
0 8 16 24
end times:
8 16 24 32
load:
2.0078125