20 103 2 5
patients: ID surgeon priority leader_priority duration
0 11 5
1 5 18
2 0 4
3 14 4
4 12 2
5 13 18
6 1 2
7 13 10
8 1 1
9 7 6
10 5 4
11 3 6
12 19 3
13 13 6
14 17 5
15 8 18
16 16 14
17 16 5
18 11 7
19 19 3
20 0 10
21 15 11
22 8 3
23 4 3
24 0 11
25 14 5
26 8 3
27 3 11
28 17 10
29 7 6
30 6 3
31 5 4
32 16 1
33 8 2
34 19 3
35 19 14
36 10 4
37 13 6
38 2 5
39 14 5
40 10 3
41 9 4
42 5 3
43 14 4
44 3 4
45 6 3
46 14 11
47 8 4
48 9 19
49 17 5
50 12 1
51 2 2
52 14 3
53 1 1
54 15 6
55 0 3
56 7 6
57 15 2
58 3 13
59 1 6
60 0 6
61 3 3
62 0 3
63 0 7
64 18 12
65 6 3
66 5 6
67 8 9
68 1 10
69 4 6
70 14 13
71 15 3
72 18 6
73 1 3
74 8 3
75 11 6
76 14 13
77 2 5
78 0 14
79 0 10
80 7 11
81 1 5
82 11 1
83 14 3
84 12 3
85 19 4
86 4 3
87 14 1
88 9 2
89 18 12
90 18 13
91 10 3
92 4 7
93 13 5
94 1 4
95 18 7
96 1 8
97 14 4
98 7 9
99 16 13
100 12 13
101 8 3
102 10 6
ORS: day OR start end
0 0 0 32
0 1 0 32
1 0 0 32
1 1 0 32
2 0 0 32
2 1 0 32
3 0 0 32
3 1 0 32
4 0 0 32
4 1 0 32
start times:
0 8 16 24
end times:
8 16 24 32
load:
2.015625