20 94 2 5
patients: ID surgeon priority leader_priority duration
0 0 5
1 14 16
2 14 1
3 14 3
4 10 4
5 4 10
6 14 4
7 1 5
8 8 11
9 12 22
10 0 11
11 19 7
12 10 5
13 17 7
14 7 3
15 18 11
16 14 5
17 19 7
18 6 6
19 9 6
20 17 4
21 18 3
22 15 3
23 14 14
24 16 16
25 4 7
26 17 3
27 15 3
28 0 2
29 2 9
30 10 14
31 3 3
32 14 2
33 4 3
34 18 3
35 15 6
36 1 1
37 7 1
38 15 6
39 13 3
40 8 6
41 13 1
42 13 6
43 8 5
44 12 2
45 5 4
46 19 13
47 14 1
48 4 6
49 13 24
50 3 6
51 19 2
52 12 3
53 16 12
54 2 8
55 6 18
56 1 10
57 0 7
58 3 3
59 7 3
60 15 2
61 0 12
62 17 5
63 14 10
64 6 5
65 19 5
66 17 13
67 16 5
68 6 3
69 17 13
70 0 4
71 0 4
72 1 13
73 19 12
74 9 7
75 12 7
76 0 3
77 14 6
78 17 4
79 8 10
80 2 4
81 15 4
82 18 25
83 6 1
84 19 6
85 16 18
86 13 13
87 10 5
88 18 7
89 4 2
90 7 5
91 0 10
92 16 2
93 15 3
ORS: day OR start end
0 0 0 32
0 1 0 32
1 0 0 32
1 1 0 32
2 0 0 32
2 1 0 32
3 0 0 32
3 1 0 32
4 0 0 32
4 1 0 32
start times:
0 8 16 24
end times:
8 16 24 32
load:
2.009375