20 101 4 5
patients: ID surgeon priority leader_priority duration
0 12 12
1 6 4
2 8 6
3 13 1
4 10 25
5 1 3
6 8 11
7 2 5
8 9 6
9 13 4
10 10 6
11 7 2
12 17 16
13 19 1
14 15 7
15 9 6
16 15 5
17 15 6
18 17 4
19 10 20
20 1 13
21 19 2
22 9 1
23 12 15
24 11 5
25 18 12
26 3 4
27 6 10
28 18 6
29 0 7
30 6 6
31 9 10
32 15 5
33 16 2
34 8 5
35 19 8
36 11 3
37 6 9
38 11 14
39 4 2
40 1 10
41 8 16
42 1 1
43 14 6
44 1 12
45 16 3
46 12 2
47 14 7
48 17 3
49 8 5
50 5 1
51 10 3
52 4 10
53 13 6
54 16 8
55 4 10
56 4 5
57 6 18
58 15 5
59 3 2
60 1 4
61 1 10
62 12 4
63 19 7
64 8 4
65 19 6
66 10 13
67 2 2
68 1 6
69 3 6
70 18 14
71 8 7
72 19 14
73 13 5
74 9 6
75 4 18
76 11 1
77 3 4
78 7 7
79 8 29
80 11 30
81 9 7
82 10 14
83 3 6
84 3 8
85 13 9
86 13 8
87 9 3
88 0 11
89 14 2
90 5 6
91 7 6
92 19 3
93 4 6
94 3 11
95 18 6
96 6 11
97 10 7
98 16 4
99 2 14
100 17 14
ORS: day OR start end
0 0 0 32
0 1 0 32
0 2 0 32
0 3 0 32
1 0 0 32
1 1 0 32
1 2 0 32
1 3 0 32
2 0 0 32
2 1 0 32
2 2 0 32
2 3 0 32
3 0 0 32
3 1 0 32
3 2 0 32
3 3 0 32
4 0 0 32
4 1 0 32
4 2 0 32
4 3 0 32
start times:
0 8 16 24
end times:
8 16 24 32
load:
1.2109375