12 65 1 5
patients: ID surgeon priority leader_priority duration
0 5 1
1 11 14
2 0 3
3 3 6
4 6 5
5 6 6
6 10 10
7 10 3
8 5 2
9 8 29
10 10 6
11 7 5
12 5 2
13 5 7
14 1 3
15 7 5
16 0 6
17 6 1
18 3 9
19 11 3
20 0 2
21 11 3
22 0 5
23 4 3
24 7 4
25 11 17
26 0 7
27 2 3
28 8 10
29 6 1
30 0 7
31 9 5
32 0 3
33 9 8
34 10 6
35 11 5
36 0 3
37 2 9
38 8 4
39 2 18
40 1 13
41 8 6
42 7 5
43 1 6
44 0 4
45 3 18
46 0 3
47 1 8
48 1 2
49 7 2
50 3 11
51 0 5
52 5 5
53 9 11
54 10 4
55 3 4
56 7 10
57 7 7
58 5 5
59 11 3
60 9 4
61 9 4
62 4 6
63 2 3
64 8 1
ORS: day OR start end
0 0 0 32
1 0 0 32
2 0 0 32
3 0 0 32
4 0 0 32
start times:
0 8 16 24
end times:
8 16 24 32
load:
2.49375