20 172 4 5
patients: ID surgeon priority leader_priority duration
0 4 11
1 4 5
2 5 6
3 18 3
4 1 14
5 15 6
6 5 6
7 0 2
8 8 1
9 9 11
10 6 7
11 9 14
12 19 6
13 2 3
14 0 6
15 17 1
16 1 3
17 2 14
18 1 6
19 2 14
20 7 4
21 3 11
22 11 14
23 4 11
24 10 1
25 0 13
26 2 11
27 17 19
28 7 1
29 5 6
30 18 6
31 15 18
32 10 6
33 7 6
34 12 1
35 3 1
36 8 6
37 13 6
38 13 3
39 7 10
40 16 3
41 17 2
42 19 11
43 17 7
44 5 11
45 16 10
46 3 18
47 7 11
48 11 6
49 16 1
50 9 14
51 3 5
52 14 8
53 7 1
54 8 3
55 12 18
56 9 1
57 3 11
58 14 1
59 14 11
60 16 3
61 0 4
62 9 4
63 11 2
64 14 1
65 0 17
66 9 2
67 6 7
68 2 5
69 8 9
70 19 3
71 3 8
72 0 3
73 13 6
74 5 1
75 18 13
76 7 3
77 11 9
78 4 18
79 1 6
80 15 3
81 6 14
82 15 11
83 19 5
84 12 14
85 5 6
86 18 4
87 8 3
88 2 6
89 7 6
90 10 5
91 10 8
92 17 2
93 17 11
94 6 10
95 6 9
96 12 6
97 15 6
98 9 7
99 0 2
100 0 1
101 15 11
102 19 3
103 14 10
104 5 1
105 2 10
106 4 6
107 13 1
108 15 7
109 17 7
110 4 4
111 3 8
112 6 16
113 11 6
114 7 6
115 0 17
116 4 6
117 9 4
118 10 5
119 15 2
120 12 6
121 13 6
122 9 3
123 10 6
124 14 6
125 16 4
126 17 4
127 19 4
128 5 18
129 13 5
130 14 5
131 7 3
132 5 18
133 11 10
134 19 5
135 9 14
136 10 13
137 2 6
138 3 2
139 7 9
140 12 7
141 10 3
142 5 6
143 4 3
144 18 2
145 6 6
146 6 4
147 4 8
148 6 7
149 3 6
150 16 3
151 13 7
152 2 7
153 19 10
154 13 2
155 5 10
156 17 4
157 13 3
158 17 1
159 18 1
160 9 3
161 8 3
162 12 3
163 1 14
164 10 18
165 6 1
166 14 10
167 4 10
168 15 3
169 3 4
170 9 1
171 12 1
ORS: day OR start end
0 0 0 32
0 1 0 32
0 2 0 32
0 3 0 32
1 0 0 32
1 1 0 32
1 2 0 32
1 3 0 32
2 0 0 32
2 1 0 32
2 2 0 32
2 3 0 32
3 0 0 32
3 1 0 32
3 2 0 32
3 3 0 32
4 0 0 32
4 1 0 32
4 2 0 32
4 3 0 32
start times:
0 8 16 24
end times:
8 16 24 32
load:
1.8078125