20 118 4 5
patients: ID surgeon priority leader_priority duration
0 1 5
1 14 6
2 15 5
3 9 2
4 15 5
5 17 9
6 7 7
7 5 2
8 16 6
9 14 4
10 6 3
11 17 6
12 13 1
13 7 8
14 7 5
15 8 11
16 8 3
17 0 14
18 10 3
19 14 11
20 3 9
21 2 3
22 5 8
23 9 4
24 10 6
25 5 17
26 7 6
27 14 9
28 19 2
29 18 1
30 14 3
31 1 4
32 18 2
33 19 4
34 11 18
35 16 6
36 14 6
37 8 6
38 14 6
39 5 3
40 14 3
41 15 2
42 5 3
43 18 7
44 10 5
45 17 7
46 12 13
47 15 6
48 4 3
49 18 11
50 13 3
51 3 7
52 19 18
53 9 3
54 3 3
55 14 12
56 13 7
57 15 6
58 12 6
59 17 3
60 14 3
61 14 6
62 3 4
63 7 4
64 7 6
65 3 6
66 9 6
67 1 6
68 14 6
69 8 12
70 0 12
71 0 6
72 19 15
73 17 4
74 5 2
75 12 2
76 15 1
77 7 7
78 5 6
79 2 12
80 11 8
81 18 16
82 3 11
83 9 4
84 1 4
85 13 18
86 16 3
87 10 2
88 14 2
89 7 7
90 2 17
91 7 2
92 3 4
93 17 8
94 11 13
95 2 12
96 19 8
97 15 1
98 5 5
99 16 3
100 0 3
101 15 6
102 18 5
103 0 13
104 7 11
105 12 12
106 11 11
107 12 3
108 8 2
109 8 6
110 4 13
111 19 11
112 8 10
113 7 3
114 12 13
115 16 6
116 18 1
117 12 2
ORS: day OR start end
0 0 0 32
0 1 0 32
0 2 0 32
0 3 0 32
1 0 0 32
1 1 0 32
1 2 0 32
1 3 0 32
2 0 0 32
2 1 0 32
2 2 0 32
2 3 0 32
3 0 0 32
3 1 0 32
3 2 0 32
3 3 0 32
4 0 0 32
4 1 0 32
4 2 0 32
4 3 0 32
start times:
0 8 16 24
end times:
8 16 24 32
load:
1.20625