10 48 1 5
patients: ID surgeon priority leader_priority duration
0 3 1
1 7 3
2 8 3
3 3 6
4 4 3
5 8 6
6 0 14
7 5 4
8 3 7
9 6 14
10 2 2
11 2 6
12 9 6
13 0 2
14 6 3
15 7 5
16 2 2
17 0 5
18 5 6
19 8 3
20 0 7
21 8 5
22 7 8
23 1 12
24 6 18
25 0 3
26 8 2
27 4 10
28 9 2
29 2 6
30 0 1
31 8 3
32 1 18
33 8 13
34 9 4
35 0 6
36 4 10
37 0 3
38 3 7
39 6 6
40 8 3
41 0 7
42 1 4
43 5 2
44 3 3
45 6 10
46 5 5
47 6 11
ORS: day OR start end
0 0 0 32
1 0 0 32
2 0 0 32
3 0 0 32
4 0 0 32
start times:
0 8 16 24
end times:
8 16 24 32
load:
1.8125