12 55 1 5
patients: ID surgeon priority leader_priority duration
0 8 1
1 4 8
2 5 1
3 10 3
4 4 6
5 10 8
6 11 3
7 1 14
8 4 6
9 10 10
10 1 6
11 10 10
12 2 4
13 9 2
14 0 11
15 11 5
16 4 6
17 0 5
18 3 18
19 7 3
20 3 11
21 4 3
22 2 6
23 3 3
24 10 2
25 0 6
26 9 11
27 1 18
28 7 1
29 7 5
30 6 11
31 11 18
32 10 3
33 8 2
34 1 6
35 9 6
36 0 3
37 3 6
38 0 6
39 9 4
40 3 10
41 10 6
42 0 18
43 3 5
44 3 11
45 5 3
46 3 13
47 3 3
48 4 11
49 6 6
50 6 1
51 9 16
52 2 7
53 0 10
54 3 18
ORS: day OR start end
0 0 0 32
1 0 0 32
2 0 0 32
3 0 0 32
4 0 0 32
start times:
0 8 16 24
end times:
8 16 24 32
load:
2.49375