14 88 2 5
patients: ID surgeon priority leader_priority duration
0 7 3
1 11 20
2 4 7
3 1 4
4 11 7
5 5 9
6 2 3
7 0 6
8 6 3
9 1 3
10 3 5
11 8 14
12 1 11
13 4 10
14 7 1
15 13 4
16 2 3
17 4 1
18 5 1
19 13 3
20 6 1
21 8 5
22 1 10
23 11 10
24 7 5
25 4 3
26 9 11
27 7 15
28 3 4
29 8 1
30 3 14
31 3 3
32 11 6
33 11 6
34 3 6
35 5 11
36 7 6
37 1 14
38 4 14
39 8 8
40 8 11
41 10 12
42 10 13
43 6 3
44 2 7
45 4 3
46 11 14
47 8 11
48 9 1
49 9 3
50 10 2
51 7 14
52 9 10
53 10 3
54 12 5
55 12 6
56 1 2
57 3 3
58 12 6
59 10 6
60 5 6
61 10 1
62 6 4
63 10 6
64 12 3
65 2 5
66 7 8
67 1 6
68 2 5
69 1 4
70 2 6
71 1 16
72 11 6
73 10 1
74 13 11
75 3 18
76 10 5
77 3 5
78 3 6
79 13 3
80 0 7
81 10 5
82 1 6
83 8 3
84 12 2
85 0 3
86 2 11
87 2 10
ORS: day OR start end
0 0 0 32
0 1 0 32
1 0 0 32
1 1 0 32
2 0 0 32
2 1 0 32
3 0 0 32
3 1 0 32
4 0 0 32
4 1 0 32
start times:
0 8 16 24
end times:
8 16 24 32
load:
1.80625