20 96 2 5
patients: ID surgeon priority leader_priority duration
0 17 3
1 5 6
2 2 3
3 4 4
4 2 8
5 4 4
6 6 6
7 8 19
8 2 7
9 7 13
10 0 13
11 7 2
12 8 3
13 11 1
14 4 6
15 8 7
16 15 2
17 9 3
18 8 4
19 13 17
20 18 6
21 15 6
22 2 3
23 19 12
24 19 6
25 4 4
26 16 6
27 1 4
28 14 2
29 6 18
30 18 3
31 6 8
32 5 7
33 1 3
34 17 10
35 10 11
36 13 18
37 12 4
38 3 4
39 9 3
40 9 6
41 16 4
42 2 1
43 18 5
44 16 5
45 14 10
46 18 2
47 8 3
48 4 14
49 17 7
50 6 15
51 3 6
52 10 10
53 4 8
54 18 10
55 18 11
56 9 4
57 10 5
58 3 11
59 15 1
60 1 3
61 3 6
62 10 1
63 1 10
64 0 13
65 15 3
66 9 6
67 13 4
68 17 18
69 4 3
70 8 5
71 7 2
72 1 8
73 16 5
74 18 6
75 7 5
76 8 10
77 7 7
78 6 9
79 16 1
80 4 10
81 11 5
82 9 12
83 6 2
84 15 7
85 12 6
86 19 3
87 8 6
88 14 2
89 1 18
90 7 4
91 4 6
92 14 17
93 3 4
94 12 2
95 2 4
ORS: day OR start end
0 0 0 32
0 1 0 32
1 0 0 32
1 1 0 32
2 0 0 32
2 1 0 32
3 0 0 32
3 1 0 32
4 0 0 32
4 1 0 32
start times:
0 8 16 24
end times:
8 16 24 32
load:
2.0