10 58 1 5
patients: ID surgeon priority leader_priority duration
0 6 2
1 2 4
2 6 6
3 9 6
4 9 2
5 6 2
6 3 5
7 6 3
8 4 10
9 6 8
10 0 6
11 7 3
12 0 5
13 7 25
14 0 1
15 9 3
16 9 2
17 9 6
18 7 4
19 2 6
20 5 2
21 8 10
22 2 4
23 2 4
24 0 2
25 9 3
26 4 4
27 1 1
28 3 6
29 9 5
30 1 2
31 7 11
32 8 2
33 9 4
34 4 6
35 9 1
36 8 6
37 3 3
38 3 3
39 2 3
40 0 7
41 7 1
42 9 1
43 0 3
44 0 2
45 9 3
46 8 8
47 9 3
48 9 1
49 2 7
50 4 3
51 4 2
52 5 6
53 5 8
54 3 18
55 1 2
56 6 8
57 3 18
ORS: day OR start end
0 0 0 32
1 0 0 32
2 0 0 32
3 0 0 32
4 0 0 32
start times:
0 8 16 24
end times:
8 16 24 32
load:
1.825