20 118 4 5
patients: ID surgeon priority leader_priority duration
0 0 8
1 19 1
2 11 8
3 8 8
4 0 17
5 4 3
6 6 3
7 5 6
8 5 6
9 1 4
10 3 3
11 16 6
12 8 4
13 6 6
14 4 11
15 18 6
16 15 5
17 15 18
18 8 12
19 5 3
20 17 2
21 6 2
22 15 6
23 16 3
24 10 12
25 11 1
26 5 1
27 11 10
28 9 11
29 17 1
30 18 6
31 12 7
32 14 17
33 8 7
34 12 2
35 12 2
36 10 6
37 8 14
38 3 6
39 4 11
40 2 12
41 11 6
42 17 20
43 2 1
44 0 2
45 19 2
46 12 2
47 16 2
48 7 6
49 16 4
50 6 5
51 17 12
52 1 3
53 13 6
54 1 5
55 15 3
56 9 11
57 6 7
58 0 7
59 10 21
60 2 6
61 17 6
62 16 18
63 16 6
64 17 1
65 17 3
66 16 3
67 10 2
68 0 7
69 18 3
70 0 6
71 16 16
72 17 4
73 2 2
74 15 6
75 18 2
76 14 6
77 19 7
78 12 10
79 5 2
80 6 3
81 5 4
82 12 2
83 8 6
84 19 5
85 16 6
86 4 7
87 6 4
88 10 9
89 18 4
90 5 14
91 1 12
92 19 5
93 18 15
94 9 7
95 1 4
96 10 6
97 18 3
98 6 6
99 6 6
100 1 10
101 16 5
102 19 3
103 5 1
104 1 2
105 8 10
106 1 6
107 9 3
108 19 18
109 14 1
110 15 16
111 19 2
112 8 4
113 8 20
114 5 3
115 14 3
116 14 10
117 16 2
ORS: day OR start end
0 0 0 32
0 1 0 32
0 2 0 32
0 3 0 32
1 0 0 32
1 1 0 32
1 2 0 32
1 3 0 32
2 0 0 32
2 1 0 32
2 2 0 32
2 3 0 32
3 0 0 32
3 1 0 32
3 2 0 32
3 3 0 32
4 0 0 32
4 1 0 32
4 2 0 32
4 3 0 32
start times:
0 8 16 24
end times:
8 16 24 32
load:
1.1953125