14 92 2 5
patients: ID surgeon priority leader_priority duration
0 3 8
1 6 6
2 13 3
3 0 5
4 10 14
5 13 8
6 11 12
7 8 1
8 10 6
9 2 10
10 13 4
11 9 12
12 6 10
13 7 6
14 13 3
15 6 2
16 2 2
17 6 18
18 9 18
19 1 10
20 13 11
21 0 14
22 10 4
23 0 6
24 11 4
25 9 3
26 5 3
27 0 11
28 4 1
29 2 8
30 1 3
31 13 7
32 5 10
33 1 7
34 4 8
35 11 2
36 0 6
37 5 4
38 0 12
39 13 2
40 1 4
41 3 2
42 11 5
43 5 8
44 11 6
45 12 5
46 10 13
47 12 12
48 3 1
49 10 12
50 7 3
51 8 3
52 11 13
53 1 4
54 4 13
55 9 3
56 8 1
57 1 1
58 4 1
59 10 4
60 9 6
61 3 25
62 2 10
63 2 6
64 3 6
65 12 7
66 5 4
67 8 3
68 3 2
69 0 4
70 6 3
71 10 4
72 5 3
73 4 13
74 9 5
75 7 2
76 7 4
77 1 2
78 10 3
79 4 6
80 3 1
81 9 2
82 12 10
83 1 4
84 12 5
85 13 16
86 9 7
87 5 4
88 5 3
89 5 3
90 9 6
91 11 2
ORS: day OR start end
0 0 0 32
0 1 0 32
1 0 0 32
1 1 0 32
2 0 0 32
2 1 0 32
3 0 0 32
3 1 0 32
4 0 0 32
4 1 0 32
start times:
0 8 16 24
end times:
8 16 24 32
load:
1.809375