14 57 2 5
patients: ID surgeon priority leader_priority duration
0 12 10
1 0 11
2 5 6
3 0 8
4 5 2
5 0 8
6 4 6
7 13 4
8 8 14
9 10 3
10 6 6
11 4 11
12 2 17
13 13 8
14 7 2
15 11 5
16 4 6
17 13 6
18 6 16
19 11 5
20 11 6
21 8 2
22 3 5
23 8 9
24 2 2
25 9 8
26 1 7
27 1 6
28 7 6
29 9 3
30 13 19
31 11 2
32 8 3
33 13 1
34 6 16
35 0 2
36 7 5
37 11 2
38 10 7
39 5 16
40 11 2
41 13 6
42 9 9
43 8 7
44 12 2
45 11 11
46 13 8
47 9 4
48 2 1
49 1 4
50 0 18
51 7 11
52 6 7
53 3 6
54 1 1
55 3 3
56 10 5
ORS: day OR start end
0 0 0 32
0 1 0 32
1 0 0 32
1 1 0 32
2 0 0 32
2 1 0 32
3 0 0 32
3 1 0 32
4 0 0 32
4 1 0 32
start times:
0 8 16 24
end times:
8 16 24 32
load:
1.20625