14 71 2 5
patients: ID surgeon priority leader_priority duration
0 12 6
1 1 3
2 0 5
3 12 2
4 3 2
5 0 17
6 0 3
7 7 6
8 2 6
9 7 10
10 5 3
11 5 5
12 2 11
13 1 6
14 8 3
15 3 1
16 9 6
17 11 10
18 5 6
19 10 1
20 0 6
21 11 6
22 8 4
23 9 1
24 5 6
25 0 18
26 12 14
27 9 3
28 8 4
29 8 9
30 10 3
31 2 2
32 11 5
33 9 11
34 3 6
35 1 1
36 13 2
37 13 6
38 6 3
39 7 6
40 1 3
41 7 10
42 2 18
43 9 4
44 6 6
45 10 15
46 3 6
47 11 11
48 10 15
49 13 1
50 1 14
51 13 11
52 12 14
53 4 7
54 2 11
55 7 11
56 4 4
57 3 6
58 3 11
59 0 15
60 11 5
61 7 3
62 4 8
63 10 16
64 11 2
65 8 10
66 2 5
67 10 1
68 9 5
69 12 4
70 7 1
ORS: day OR start end
0 0 0 32
0 1 0 32
1 0 0 32
1 1 0 32
2 0 0 32
2 1 0 32
3 0 0 32
3 1 0 32
4 0 0 32
4 1 0 32
start times:
0 8 16 24
end times:
8 16 24 32
load:
1.503125