10 50 1 5
patients: ID surgeon priority leader_priority duration
0 5 7
1 8 6
2 2 14
3 6 3
4 0 3
5 4 5
6 9 6
7 9 5
8 2 1
9 0 13
10 3 3
11 5 10
12 2 4
13 3 4
14 2 3
15 3 14
16 0 3
17 6 18
18 0 2
19 0 11
20 9 10
21 0 2
22 7 2
23 7 8
24 3 4
25 4 6
26 4 8
27 3 14
28 6 2
29 6 6
30 2 6
31 5 7
32 8 1
33 1 6
34 3 3
35 5 10
36 9 3
37 2 6
38 8 1
39 3 6
40 5 6
41 4 10
42 2 3
43 2 17
44 1 6
45 9 8
46 9 4
47 5 6
48 6 7
49 1 12
ORS: day OR start end
0 0 0 32
1 0 0 32
2 0 0 32
3 0 0 32
4 0 0 32
start times:
0 8 16 24
end times:
8 16 24 32
load:
2.03125