10 93 2 5
patients: ID surgeon priority leader_priority duration
0 8 6
1 6 6
2 4 7
3 9 10
4 3 3
5 0 7
6 9 8
7 9 1
8 6 17
9 4 6
10 7 2
11 5 4
12 7 9
13 2 12
14 4 4
15 6 18
16 0 2
17 6 4
18 6 9
19 7 2
20 0 6
21 9 3
22 6 4
23 0 3
24 4 6
25 4 10
26 5 4
27 7 7
28 2 10
29 9 13
30 1 14
31 5 8
32 7 6
33 8 4
34 4 6
35 5 6
36 9 3
37 1 4
38 6 3
39 4 1
40 9 7
41 5 5
42 0 9
43 5 5
44 3 13
45 6 7
46 4 2
47 2 5
48 1 4
49 1 4
50 7 8
51 1 3
52 2 3
53 9 6
54 9 1
55 7 6
56 1 6
57 8 18
58 6 5
59 3 3
60 6 4
61 6 5
62 9 4
63 0 13
64 3 7
65 1 5
66 2 3
67 0 6
68 9 6
69 0 16
70 7 17
71 5 18
72 4 10
73 0 10
74 8 6
75 7 1
76 7 6
77 7 3
78 4 3
79 1 7
80 5 9
81 3 6
82 4 16
83 5 16
84 0 6
85 4 5
86 7 5
87 4 3
88 3 14
89 6 6
90 8 12
91 9 6
92 2 13
ORS: day OR start end
0 0 0 32
0 1 0 32
1 0 0 32
1 1 0 32
2 0 0 32
2 1 0 32
3 0 0 32
3 1 0 32
4 0 0 32
4 1 0 32
start times:
0 8 16 24
end times:
8 16 24 32
load:
2.015625