8 60 1 5
patients: ID surgeon priority leader_priority duration
0 3 3
1 1 2
2 2 6
3 3 15
4 7 14
5 7 4
6 7 6
7 3 2
8 2 1
9 4 6
10 3 7
11 0 11
12 4 1
13 7 3
14 3 3
15 4 3
16 0 12
17 7 2
18 5 6
19 7 18
20 5 10
21 6 5
22 6 6
23 3 3
24 2 3
25 0 8
26 4 12
27 2 6
28 2 1
29 1 6
30 1 6
31 2 2
32 7 2
33 1 6
34 4 6
35 5 18
36 2 7
37 3 16
38 5 18
39 0 8
40 4 3
41 3 7
42 4 5
43 2 4
44 1 4
45 7 16
46 0 9
47 5 13
48 4 1
49 5 6
50 0 4
51 2 14
52 3 12
53 2 3
54 1 13
55 2 6
56 5 3
57 6 8
58 4 6
59 6 6
ORS: day OR start end
0 0 0 32
1 0 0 32
2 0 0 32
3 0 0 32
4 0 0 32
start times:
0 8 16 24
end times:
8 16 24 32
load:
2.60625