12 50 1 5
patients: ID surgeon priority leader_priority duration
0 6 7
1 3 6
2 6 14
3 2 3
4 0 3
5 1 5
6 6 6
7 1 5
8 4 1
9 3 13
10 10 3
11 7 10
12 2 4
13 7 4
14 5 3
15 8 14
16 10 3
17 4 18
18 2 2
19 3 11
20 7 10
21 4 2
22 1 2
23 3 8
24 8 4
25 6 6
26 1 8
27 4 14
28 0 2
29 6 6
30 3 6
31 10 7
32 4 1
33 1 6
34 9 3
35 0 10
36 4 3
37 3 6
38 8 1
39 11 6
40 2 6
41 8 10
42 6 3
43 3 17
44 4 6
45 7 8
46 9 4
47 5 6
48 3 7
49 10 12
ORS: day OR start end
0 0 0 32
1 0 0 32
2 0 0 32
3 0 0 32
4 0 0 32
start times:
0 8 16 24
end times:
8 16 24 32
load:
2.03125