10 60 1 5
patients: ID surgeon priority leader_priority duration
0 3 3
1 7 2
2 5 6
3 6 15
4 6 14
5 7 4
6 2 6
7 2 2
8 5 1
9 2 6
10 8 7
11 9 11
12 6 1
13 9 3
14 5 3
15 8 3
16 7 12
17 2 2
18 9 6
19 2 18
20 2 10
21 2 5
22 4 6
23 1 3
24 0 3
25 4 8
26 9 12
27 3 6
28 7 1
29 1 6
30 8 6
31 2 2
32 4 2
33 0 6
34 6 6
35 6 18
36 1 7
37 9 16
38 9 18
39 2 8
40 2 3
41 0 7
42 2 5
43 4 4
44 1 4
45 1 16
46 0 9
47 5 13
48 2 1
49 0 6
50 5 4
51 6 14
52 3 12
53 2 3
54 4 13
55 2 6
56 7 3
57 1 8
58 2 6
59 8 6
ORS: day OR start end
0 0 0 32
1 0 0 32
2 0 0 32
3 0 0 32
4 0 0 32
start times:
0 8 16 24
end times:
8 16 24 32
load:
2.60625