10 46 1 5
patients: ID surgeon priority leader_priority duration
0 4 1
1 4 1
2 3 6
3 6 3
4 6 8
5 0 13
6 5 6
7 9 6
8 1 1
9 4 6
10 9 5
11 7 2
12 7 1
13 1 6
14 3 11
15 5 6
16 0 4
17 5 3
18 6 10
19 3 2
20 1 4
21 8 6
22 2 3
23 6 14
24 6 3
25 6 14
26 0 6
27 7 2
28 0 6
29 1 5
30 1 5
31 8 1
32 3 12
33 1 5
34 7 2
35 4 13
36 5 10
37 3 6
38 6 6
39 9 6
40 7 14
41 0 17
42 5 7
43 0 6
44 9 13
45 7 5
ORS: day OR start end
0 0 0 32
1 0 0 32
2 0 0 32
3 0 0 32
4 0 0 32
start times:
0 8 16 24
end times:
8 16 24 32
load:
1.825