20 93 2 5
patients: ID surgeon priority leader_priority duration
0 10 6
1 18 6
2 17 7
3 10 10
4 0 3
5 17 7
6 15 8
7 14 1
8 16 17
9 1 6
10 12 2
11 13 4
12 16 9
13 12 12
14 5 4
15 11 18
16 0 2
17 6 4
18 6 9
19 11 2
20 2 6
21 15 3
22 8 4
23 3 3
24 10 6
25 2 10
26 16 4
27 3 7
28 1 10
29 18 13
30 7 14
31 10 8
32 14 6
33 11 4
34 17 6
35 7 6
36 8 3
37 9 4
38 3 3
39 1 1
40 9 7
41 2 5
42 9 9
43 4 5
44 1 13
45 1 7
46 10 2
47 4 5
48 3 4
49 18 4
50 1 8
51 12 3
52 5 3
53 16 6
54 2 1
55 11 6
56 4 6
57 15 18
58 7 5
59 8 3
60 3 4
61 6 5
62 19 4
63 13 13
64 16 7
65 16 5
66 10 3
67 12 6
68 1 6
69 4 16
70 17 17
71 11 18
72 13 10
73 12 10
74 14 6
75 6 1
76 0 6
77 16 3
78 5 3
79 16 7
80 11 9
81 4 6
82 13 16
83 12 16
84 16 6
85 14 5
86 6 5
87 18 3
88 3 14
89 10 6
90 12 12
91 15 6
92 12 13
ORS: day OR start end
0 0 0 32
0 1 0 32
1 0 0 32
1 1 0 32
2 0 0 32
2 1 0 32
3 0 0 32
3 1 0 32
4 0 0 32
4 1 0 32
start times:
0 8 16 24
end times:
8 16 24 32
load:
2.015625