14 60 1 5
patients: ID surgeon priority leader_priority duration
0 12 3
1 13 2
2 0 6
3 0 15
4 9 14
5 8 4
6 6 6
7 5 2
8 11 1
9 4 6
10 13 7
11 6 11
12 12 1
13 13 3
14 13 3
15 4 3
16 13 12
17 6 2
18 3 6
19 13 18
20 6 10
21 10 5
22 0 6
23 11 3
24 10 3
25 2 8
26 11 12
27 6 6
28 11 1
29 11 6
30 0 6
31 11 2
32 8 2
33 2 6
34 2 6
35 11 18
36 1 7
37 10 16
38 2 18
39 10 8
40 3 3
41 0 7
42 0 5
43 8 4
44 10 4
45 1 16
46 3 9
47 7 13
48 5 1
49 5 6
50 6 4
51 10 14
52 10 12
53 4 3
54 4 13
55 8 6
56 8 3
57 8 8
58 11 6
59 8 6
ORS: day OR start end
0 0 0 32
1 0 0 32
2 0 0 32
3 0 0 32
4 0 0 32
start times:
0 8 16 24
end times:
8 16 24 32
load:
2.60625