14 69 2 5
patients: ID surgeon priority leader_priority duration
0 12 6
1 8 4
2 13 8
3 12 4
4 9 20
5 7 13
6 5 18
7 11 6
8 12 2
9 5 5
10 5 6
11 4 4
12 9 3
13 9 6
14 10 5
15 3 3
16 9 9
17 12 1
18 12 4
19 13 5
20 10 3
21 10 2
22 6 13
23 11 5
24 8 6
25 9 2
26 13 23
27 12 18
28 4 4
29 3 6
30 6 6
31 3 6
32 11 6
33 10 6
34 13 5
35 6 6
36 8 5
37 0 4
38 10 14
39 7 5
40 8 2
41 13 3
42 5 10
43 10 4
44 1 4
45 6 12
46 5 5
47 3 8
48 10 6
49 12 4
50 10 13
51 9 6
52 0 2
53 3 6
54 7 5
55 0 6
56 0 11
57 10 13
58 11 4
59 3 4
60 12 10
61 13 10
62 13 14
63 5 6
64 0 3
65 5 10
66 3 12
67 5 13
68 4 3
ORS: day OR start end
0 0 0 32
0 1 0 32
1 0 0 32
1 1 0 32
2 0 0 32
2 1 0 32
3 0 0 32
3 1 0 32
4 0 0 32
4 1 0 32
start times:
0 8 16 24
end times:
8 16 24 32
load:
1.51875