12 93 2 5
patients: ID surgeon priority leader_priority duration
0 7 6
1 2 6
2 6 7
3 3 10
4 6 3
5 2 7
6 2 8
7 11 1
8 5 17
9 1 6
10 2 2
11 6 4
12 6 9
13 3 12
14 1 4
15 6 18
16 7 2
17 5 4
18 6 9
19 8 2
20 9 6
21 10 3
22 7 4
23 7 3
24 8 6
25 4 10
26 9 4
27 4 7
28 11 10
29 6 13
30 2 14
31 0 8
32 10 6
33 11 4
34 0 6
35 0 6
36 4 3
37 10 4
38 1 3
39 11 1
40 7 7
41 1 5
42 4 9
43 1 5
44 9 13
45 6 7
46 8 2
47 6 5
48 6 4
49 8 4
50 10 8
51 2 3
52 3 3
53 0 6
54 5 1
55 1 6
56 0 6
57 4 18
58 2 5
59 10 3
60 8 4
61 2 5
62 11 4
63 7 13
64 11 7
65 11 5
66 4 3
67 5 6
68 4 6
69 0 16
70 4 17
71 1 18
72 9 10
73 7 10
74 3 6
75 2 1
76 0 6
77 11 3
78 0 3
79 10 7
80 11 9
81 1 6
82 8 16
83 4 16
84 9 6
85 2 5
86 0 5
87 9 3
88 2 14
89 6 6
90 10 12
91 11 6
92 5 13
ORS: day OR start end
0 0 0 32
0 1 0 32
1 0 0 32
1 1 0 32
2 0 0 32
2 1 0 32
3 0 0 32
3 1 0 32
4 0 0 32
4 1 0 32
start times:
0 8 16 24
end times:
8 16 24 32
load:
2.015625