12 60 1 5
patients: ID surgeon priority leader_priority duration
0 0 1
1 7 2
2 1 4
3 8 3
4 4 6
5 7 4
6 1 13
7 3 4
8 3 18
9 1 4
10 5 5
11 1 15
12 0 4
13 0 6
14 7 11
15 1 8
16 11 5
17 5 4
18 10 6
19 7 6
20 0 4
21 4 2
22 11 3
23 11 7
24 7 13
25 5 18
26 8 7
27 2 11
28 6 1
29 8 3
30 11 6
31 8 4
32 6 5
33 11 8
34 3 11
35 4 6
36 5 13
37 1 9
38 2 7
39 1 4
40 11 1
41 4 6
42 2 10
43 5 11
44 7 12
45 9 14
46 11 10
47 9 7
48 9 2
49 4 5
50 10 10
51 5 5
52 11 3
53 4 15
54 2 2
55 0 2
56 8 3
57 0 11
58 6 4
59 11 1
ORS: day OR start end
0 0 0 32
1 0 0 32
2 0 0 32
3 0 0 32
4 0 0 32
start times:
0 8 16 24
end times:
8 16 24 32
load:
2.53125