10 112 2 5
patients: ID surgeon priority leader_priority duration
0 6 5
1 2 4
2 3 16
3 4 3
4 6 8
5 7 11
6 2 1
7 0 12
8 0 11
9 1 25
10 2 6
11 6 6
12 3 21
13 1 5
14 5 6
15 9 18
16 9 5
17 6 1
18 6 4
19 3 6
20 2 4
21 6 4
22 2 6
23 0 7
24 5 2
25 9 17
26 8 11
27 0 3
28 3 11
29 1 2
30 6 2
31 6 4
32 4 6
33 4 4
34 7 6
35 9 4
36 1 4
37 1 7
38 5 5
39 4 14
40 0 13
41 2 1
42 5 1
43 4 12
44 6 25
45 3 14
46 2 3
47 3 7
48 8 3
49 6 6
50 9 18
51 4 3
52 3 2
53 6 4
54 7 6
55 4 18
56 8 4
57 7 5
58 7 5
59 8 16
60 6 10
61 5 3
62 3 1
63 0 3
64 3 8
65 9 4
66 7 3
67 4 1
68 3 11
69 0 4
70 2 3
71 8 11
72 3 4
73 8 6
74 3 1
75 2 1
76 4 3
77 2 11
78 3 2
79 5 9
80 3 2
81 1 5
82 8 4
83 3 14
84 5 6
85 8 11
86 7 5
87 0 1
88 5 13
89 8 5
90 1 6
91 3 3
92 1 3
93 6 3
94 0 4
95 6 10
96 6 10
97 5 7
98 9 8
99 9 6
100 8 4
101 7 10
102 5 5
103 4 7
104 5 6
105 2 5
106 9 5
107 0 7
108 6 3
109 4 2
110 2 24
111 1 6
ORS: day OR start end
0 0 0 32
0 1 0 32
1 0 0 32
1 1 0 32
2 0 0 32
2 1 0 32
3 0 0 32
3 1 0 32
4 0 0 32
4 1 0 32
start times:
0 8 16 24
end times:
8 16 24 32
load:
2.4125