12 112 2 5
patients: ID surgeon priority leader_priority duration
0 7 5
1 4 4
2 3 16
3 6 3
4 5 8
5 0 11
6 5 1
7 3 12
8 10 11
9 2 25
10 9 6
11 0 6
12 5 21
13 0 5
14 2 6
15 8 18
16 11 5
17 2 1
18 0 4
19 9 6
20 0 4
21 2 4
22 1 6
23 5 7
24 8 2
25 10 17
26 5 11
27 10 3
28 5 11
29 11 2
30 10 2
31 2 4
32 8 6
33 0 4
34 3 6
35 10 4
36 5 4
37 0 7
38 8 5
39 4 14
40 6 13
41 1 1
42 11 1
43 3 12
44 9 25
45 0 14
46 4 3
47 9 7
48 10 3
49 6 6
50 8 18
51 11 3
52 4 2
53 7 4
54 9 6
55 10 18
56 7 4
57 4 5
58 3 5
59 2 16
60 8 10
61 7 3
62 4 1
63 2 3
64 9 8
65 5 4
66 3 3
67 0 1
68 4 11
69 3 4
70 9 3
71 0 11
72 1 4
73 2 6
74 2 1
75 1 1
76 1 3
77 11 11
78 4 2
79 11 9
80 10 2
81 7 5
82 11 4
83 9 14
84 8 6
85 3 11
86 1 5
87 1 1
88 1 13
89 5 5
90 0 6
91 2 3
92 10 3
93 3 3
94 10 4
95 4 10
96 6 10
97 4 7
98 6 8
99 3 6
100 0 4
101 1 10
102 8 5
103 11 7
104 6 6
105 6 5
106 2 5
107 7 7
108 7 3
109 9 2
110 3 24
111 6 6
ORS: day OR start end
0 0 0 32
0 1 0 32
1 0 0 32
1 1 0 32
2 0 0 32
2 1 0 32
3 0 0 32
3 1 0 32
4 0 0 32
4 1 0 32
start times:
0 8 16 24
end times:
8 16 24 32
load:
2.4125