14 50 1 5
patients: ID surgeon priority leader_priority duration
0 11 7
1 12 6
2 0 14
3 0 3
4 6 3
5 6 5
6 6 6
7 6 5
8 13 1
9 4 13
10 5 3
11 11 10
12 5 4
13 10 4
14 6 3
15 2 14
16 11 3
17 9 18
18 8 2
19 6 11
20 6 10
21 7 2
22 0 2
23 2 8
24 9 4
25 7 6
26 4 8
27 13 14
28 12 2
29 9 6
30 7 6
31 12 7
32 3 1
33 5 6
34 11 3
35 7 10
36 8 3
37 9 6
38 12 1
39 9 6
40 9 6
41 8 10
42 10 3
43 10 17
44 11 6
45 12 8
46 3 4
47 10 6
48 13 7
49 11 12
ORS: day OR start end
0 0 0 32
1 0 0 32
2 0 0 32
3 0 0 32
4 0 0 32
start times:
0 8 16 24
end times:
8 16 24 32
load:
2.03125