12 60 1 5
patients: ID surgeon priority leader_priority duration
0 11 3
1 4 2
2 9 6
3 2 15
4 6 14
5 10 4
6 11 6
7 3 2
8 11 1
9 7 6
10 4 7
11 4 11
12 8 1
13 1 3
14 1 3
15 1 3
16 9 12
17 2 2
18 0 6
19 4 18
20 3 10
21 4 5
22 6 6
23 4 3
24 11 3
25 8 8
26 5 12
27 5 6
28 8 1
29 6 6
30 2 6
31 10 2
32 7 2
33 2 6
34 2 6
35 10 18
36 1 7
37 5 16
38 5 18
39 8 8
40 8 3
41 0 7
42 7 5
43 10 4
44 0 4
45 2 16
46 9 9
47 5 13
48 8 1
49 3 6
50 2 4
51 0 14
52 1 12
53 11 3
54 8 13
55 5 6
56 9 3
57 1 8
58 10 6
59 8 6
ORS: day OR start end
0 0 0 32
1 0 0 32
2 0 0 32
3 0 0 32
4 0 0 32
start times:
0 8 16 24
end times:
8 16 24 32
load:
2.60625