12 61 1 5
patients: ID surgeon priority leader_priority duration
0 7 3
1 11 2
2 0 6
3 4 4
4 0 8
5 5 5
6 0 9
7 2 11
8 2 9
9 4 9
10 8 11
11 10 4
12 7 6
13 3 5
14 10 6
15 8 3
16 11 6
17 10 2
18 11 14
19 2 4
20 0 6
21 6 13
22 9 5
23 10 5
24 7 6
25 9 5
26 2 6
27 7 1
28 8 14
29 11 13
30 7 3
31 8 11
32 0 6
33 11 2
34 5 2
35 8 6
36 9 4
37 0 3
38 4 3
39 10 6
40 11 3
41 7 4
42 0 7
43 0 3
44 9 11
45 0 7
46 3 5
47 3 6
48 8 10
49 9 14
50 5 3
51 9 20
52 3 14
53 9 7
54 2 2
55 5 4
56 1 6
57 8 6
58 5 6
59 1 8
60 11 12
ORS: day OR start end
0 0 0 32
1 0 0 32
2 0 0 32
3 0 0 32
4 0 0 32
start times:
0 8 16 24
end times:
8 16 24 32
load:
2.53125