14 47 1 5
patients: ID surgeon priority leader_priority duration
0 7 8
1 1 4
2 5 3
3 5 1
4 3 18
5 9 5
6 8 10
7 8 14
8 3 9
9 4 12
10 0 6
11 11 1
12 7 4
13 1 7
14 5 8
15 6 1
16 4 2
17 1 5
18 0 10
19 9 12
20 12 3
21 8 5
22 8 9
23 4 3
24 13 4
25 4 3
26 7 2
27 4 6
28 4 3
29 11 14
30 6 13
31 4 2
32 9 6
33 8 14
34 8 14
35 13 4
36 5 18
37 10 4
38 1 4
39 12 13
40 10 3
41 11 8
42 7 11
43 5 2
44 10 8
45 7 1
46 7 1
ORS: day OR start end
0 0 0 32
1 0 0 32
2 0 0 32
3 0 0 32
4 0 0 32
start times:
0 8 16 24
end times:
8 16 24 32
load:
1.9875