10 47 1 5
patients: ID surgeon priority leader_priority duration
0 0 8
1 8 4
2 2 3
3 0 1
4 8 18
5 1 5
6 3 10
7 0 14
8 9 9
9 8 12
10 5 6
11 3 1
12 5 4
13 0 7
14 1 8
15 6 1
16 2 2
17 1 5
18 5 10
19 8 12
20 5 3
21 1 5
22 6 9
23 3 3
24 9 4
25 4 3
26 7 2
27 1 6
28 1 3
29 0 14
30 1 13
31 9 2
32 0 6
33 8 14
34 1 14
35 2 4
36 2 18
37 3 4
38 3 4
39 2 13
40 5 3
41 6 8
42 9 11
43 9 2
44 6 8
45 1 1
46 0 1
ORS: day OR start end
0 0 0 32
1 0 0 32
2 0 0 32
3 0 0 32
4 0 0 32
start times:
0 8 16 24
end times:
8 16 24 32
load:
1.9875