12 47 1 5
patients: ID surgeon priority leader_priority duration
0 0 8
1 10 4
2 0 3
3 7 1
4 2 18
5 6 5
6 2 10
7 2 14
8 8 9
9 3 12
10 7 6
11 0 1
12 3 4
13 10 7
14 2 8
15 5 1
16 7 2
17 9 5
18 11 10
19 4 12
20 8 3
21 5 5
22 11 9
23 3 3
24 4 4
25 2 3
26 5 2
27 5 6
28 9 3
29 10 14
30 11 13
31 5 2
32 5 6
33 10 14
34 0 14
35 1 4
36 10 18
37 2 4
38 9 4
39 11 13
40 5 3
41 6 8
42 4 11
43 3 2
44 5 8
45 7 1
46 9 1
ORS: day OR start end
0 0 0 32
1 0 0 32
2 0 0 32
3 0 0 32
4 0 0 32
start times:
0 8 16 24
end times:
8 16 24 32
load:
1.9875