20 191 4 5
patients: ID surgeon priority leader_priority duration
0 1 7
1 6 3
2 13 8
3 1 7
4 15 5
5 17 13
6 0 7
7 15 6
8 10 5
9 9 3
10 13 6
11 7 18
12 17 4
13 17 10
14 1 5
15 0 11
16 8 13
17 2 12
18 11 5
19 13 4
20 5 13
21 16 17
22 8 6
23 14 9
24 5 1
25 11 11
26 12 6
27 14 7
28 3 5
29 0 4
30 12 5
31 10 4
32 10 3
33 2 2
34 16 5
35 19 4
36 17 13
37 0 1
38 4 18
39 18 6
40 0 6
41 0 3
42 4 9
43 11 3
44 18 8
45 11 4
46 15 6
47 12 5
48 1 6
49 1 7
50 1 6
51 3 10
52 16 1
53 12 7
54 16 1
55 9 6
56 16 3
57 9 1
58 12 4
59 14 3
60 2 6
61 4 9
62 4 5
63 18 3
64 9 13
65 12 1
66 17 13
67 1 5
68 6 14
69 4 2
70 3 3
71 3 3
72 14 5
73 19 11
74 7 13
75 9 3
76 1 2
77 16 4
78 18 11
79 8 6
80 12 7
81 3 3
82 10 2
83 8 20
84 0 3
85 14 1
86 4 8
87 2 2
88 5 6
89 13 8
90 7 6
91 3 2
92 7 3
93 16 10
94 3 17
95 14 4
96 10 5
97 8 9
98 0 1
99 17 5
100 13 3
101 5 2
102 7 7
103 5 16
104 2 4
105 4 5
106 19 12
107 18 1
108 9 3
109 18 1
110 7 4
111 12 3
112 14 10
113 3 1
114 4 6
115 17 1
116 7 1
117 19 5
118 13 3
119 2 1
120 13 10
121 14 4
122 1 6
123 17 17
124 1 3
125 10 10
126 16 2
127 0 6
128 18 6
129 19 5
130 11 5
131 8 3
132 2 8
133 12 6
134 9 6
135 8 2
136 13 16
137 10 8
138 17 3
139 5 2
140 3 4
141 16 8
142 0 1
143 9 3
144 3 4
145 17 1
146 16 5
147 8 6
148 13 6
149 15 11
150 17 5
151 13 5
152 12 4
153 13 9
154 15 4
155 1 3
156 14 6
157 8 5
158 19 7
159 2 1
160 10 3
161 11 2
162 6 4
163 16 10
164 10 10
165 17 2
166 13 10
167 1 7
168 3 10
169 12 2
170 5 6
171 9 5
172 19 11
173 3 6
174 2 15
175 13 3
176 11 14
177 5 12
178 8 5
179 6 5
180 12 5
181 19 1
182 9 5
183 7 3
184 17 7
185 8 3
186 0 3
187 10 3
188 17 1
189 11 7
190 14 13
ORS: day OR start end
0 0 0 32
0 1 0 32
0 2 0 32
0 3 0 32
1 0 0 32
1 1 0 32
1 2 0 32
1 3 0 32
2 0 0 32
2 1 0 32
2 2 0 32
2 3 0 32
3 0 0 32
3 1 0 32
3 2 0 32
3 3 0 32
4 0 0 32
4 1 0 32
4 2 0 32
4 3 0 32
start times:
0 8 16 24
end times:
8 16 24 32
load:
1.8015625