20 111 4 5
patients: ID surgeon priority leader_priority duration
0 14 3
1 15 6
2 5 3
3 8 4
4 1 6
5 17 12
6 6 2
7 19 6
8 0 5
9 10 2
10 9 4
11 2 8
12 1 6
13 6 17
14 12 7
15 13 3
16 0 9
17 4 22
18 2 1
19 2 5
20 4 16
21 4 14
22 15 2
23 18 11
24 11 6
25 16 6
26 13 10
27 11 6
28 1 6
29 12 4
30 8 1
31 13 14
32 1 6
33 12 4
34 6 3
35 13 14
36 7 17
37 11 10
38 0 5
39 17 1
40 6 6
41 9 16
42 3 10
43 5 6
44 1 10
45 11 10
46 11 2
47 5 6
48 11 21
49 7 8
50 11 4
51 10 10
52 7 1
53 14 6
54 18 8
55 18 1
56 15 14
57 17 2
58 14 18
59 9 30
60 9 6
61 1 6
62 17 3
63 10 6
64 13 10
65 1 9
66 12 3
67 14 1
68 18 1
69 1 4
70 16 4
71 6 2
72 4 2
73 5 12
74 15 5
75 16 3
76 8 3
77 17 5
78 11 5
79 9 6
80 15 3
81 10 12
82 4 10
83 9 3
84 3 2
85 11 12
86 7 5
87 11 5
88 15 12
89 8 5
90 10 9
91 4 4
92 17 2
93 1 3
94 14 12
95 17 7
96 6 16
97 13 6
98 8 1
99 17 11
100 3 6
101 15 6
102 5 3
103 0 6
104 3 2
105 10 10
106 0 6
107 17 2
108 8 3
109 5 14
110 18 1
ORS: day OR start end
0 0 0 32
0 1 0 32
0 2 0 32
0 3 0 32
1 0 0 32
1 1 0 32
1 2 0 32
1 3 0 32
2 0 0 32
2 1 0 32
2 2 0 32
2 3 0 32
3 0 0 32
3 1 0 32
3 2 0 32
3 3 0 32
4 0 0 32
4 1 0 32
4 2 0 32
4 3 0 32
start times:
0 8 16 24
end times:
8 16 24 32
load:
1.2046875