20 100 2 5
patients: ID surgeon priority leader_priority duration
0 6 6
1 5 4
2 10 2
3 6 4
4 16 1
5 10 5
6 16 10
7 2 3
8 10 7
9 17 2
10 5 10
11 10 14
12 17 9
13 11 17
14 17 3
15 17 6
16 2 4
17 10 9
18 19 8
19 15 8
20 9 4
21 11 7
22 15 8
23 19 7
24 6 6
25 16 6
26 3 20
27 3 8
28 0 3
29 17 4
30 15 16
31 16 1
32 2 3
33 12 6
34 11 7
35 6 10
36 19 6
37 9 7
38 16 3
39 7 9
40 17 1
41 18 7
42 16 5
43 18 3
44 4 2
45 15 2
46 18 13
47 15 10
48 14 6
49 7 3
50 16 3
51 19 9
52 14 7
53 14 4
54 17 8
55 18 7
56 11 6
57 13 3
58 3 15
59 6 7
60 2 13
61 4 1
62 18 4
63 15 11
64 3 14
65 8 9
66 6 7
67 14 6
68 9 4
69 16 4
70 2 4
71 10 3
72 3 2
73 1 13
74 5 10
75 2 1
76 4 6
77 0 9
78 16 6
79 17 7
80 15 7
81 14 2
82 17 6
83 6 10
84 16 3
85 17 13
86 18 5
87 19 2
88 19 3
89 3 2
90 4 3
91 6 6
92 10 7
93 3 12
94 1 6
95 2 5
96 12 6
97 17 6
98 14 6
99 17 3
ORS: day OR start end
0 0 0 32
0 1 0 32
1 0 0 32
1 1 0 32
2 0 0 32
2 1 0 32
3 0 0 32
3 1 0 32
4 0 0 32
4 1 0 32
start times:
0 8 16 24
end times:
8 16 24 32
load:
2.003125