14 45 2 5
patients: ID surgeon priority leader_priority duration
0 1 6
1 9 6
2 7 5
3 6 14
4 9 1
5 0 10
6 4 1
7 4 3
8 1 18
9 5 8
10 9 10
11 6 3
12 11 17
13 1 17
14 10 5
15 8 20
16 1 6
17 1 16
18 1 3
19 11 5
20 10 13
21 9 5
22 4 4
23 1 5
24 0 12
25 11 12
26 13 3
27 4 2
28 1 4
29 9 6
30 5 1
31 9 17
32 0 14
33 5 17
34 4 5
35 11 11
36 10 4
37 13 9
38 12 18
39 10 4
40 9 15
41 2 7
42 1 12
43 11 10
44 6 2
ORS: day OR start end
0 0 0 32
0 1 0 32
1 0 0 32
1 1 0 32
2 0 0 32
2 1 0 32
3 0 0 32
3 1 0 32
4 0 0 32
4 1 0 32
start times:
0 8 16 24
end times:
8 16 24 32
load:
1.20625