20 167 4 5
patients: ID surgeon priority leader_priority duration
0 10 1
1 9 12
2 3 3
3 9 2
4 16 5
5 6 1
6 1 3
7 7 2
8 18 6
9 17 10
10 5 10
11 8 3
12 2 8
13 1 2
14 5 3
15 13 3
16 10 7
17 5 7
18 14 3
19 1 10
20 11 18
21 7 2
22 13 8
23 0 14
24 6 20
25 15 10
26 6 7
27 15 2
28 10 4
29 12 10
30 6 5
31 8 10
32 14 1
33 2 6
34 17 6
35 1 5
36 12 3
37 2 8
38 13 6
39 18 13
40 10 6
41 2 6
42 13 18
43 15 5
44 8 3
45 17 6
46 3 18
47 11 3
48 18 2
49 1 11
50 6 7
51 18 17
52 14 17
53 11 6
54 14 3
55 15 6
56 6 6
57 4 6
58 4 3
59 0 16
60 4 11
61 10 7
62 17 8
63 11 6
64 13 4
65 19 16
66 2 3
67 8 1
68 18 3
69 13 8
70 13 5
71 10 18
72 6 6
73 2 6
74 3 5
75 16 6
76 12 11
77 5 5
78 18 5
79 19 4
80 0 15
81 0 5
82 17 6
83 16 5
84 2 2
85 2 11
86 19 11
87 13 2
88 10 14
89 16 18
90 19 6
91 13 18
92 19 8
93 16 14
94 19 3
95 10 1
96 7 7
97 9 16
98 11 6
99 11 6
100 8 3
101 17 6
102 17 2
103 7 7
104 0 1
105 11 8
106 10 4
107 2 6
108 13 7
109 17 16
110 7 7
111 12 3
112 4 3
113 15 4
114 11 3
115 2 6
116 6 11
117 13 5
118 9 3
119 5 5
120 2 1
121 6 10
122 9 6
123 4 10
124 11 11
125 18 5
126 9 6
127 5 16
128 19 3
129 11 6
130 0 7
131 10 3
132 4 6
133 6 2
134 11 7
135 14 2
136 16 15
137 16 6
138 14 6
139 2 5
140 5 9
141 11 2
142 0 7
143 3 3
144 14 11
145 11 18
146 15 1
147 18 3
148 12 3
149 10 7
150 16 3
151 3 3
152 11 3
153 0 10
154 11 13
155 15 14
156 4 5
157 11 8
158 6 10
159 8 1
160 14 4
161 11 8
162 4 5
163 3 16
164 10 1
165 15 5
166 1 8
ORS: day OR start end
0 0 0 32
0 1 0 32
0 2 0 32
0 3 0 32
1 0 0 32
1 1 0 32
1 2 0 32
1 3 0 32
2 0 0 32
2 1 0 32
2 2 0 32
2 3 0 32
3 0 0 32
3 1 0 32
3 2 0 32
3 3 0 32
4 0 0 32
4 1 0 32
4 2 0 32
4 3 0 32
start times:
0 8 16 24
end times:
8 16 24 32
load:
1.8125