12 56 1 5
patients: ID surgeon priority leader_priority duration
0 6 3
1 2 3
2 11 7
3 0 4
4 1 5
5 9 14
6 3 18
7 11 5
8 1 6
9 0 4
10 2 7
11 11 2
12 1 2
13 5 6
14 3 16
15 9 2
16 8 16
17 2 3
18 0 4
19 4 3
20 8 12
21 6 3
22 1 18
23 3 6
24 11 3
25 5 7
26 11 3
27 3 11
28 1 11
29 10 15
30 10 2
31 9 5
32 0 16
33 8 3
34 4 6
35 8 6
36 3 3
37 4 5
38 8 6
39 9 12
40 7 9
41 6 12
42 2 6
43 11 1
44 10 14
45 8 1
46 3 8
47 2 8
48 4 2
49 7 8
50 3 6
51 8 1
52 6 18
53 6 1
54 8 6
55 2 15
ORS: day OR start end
0 0 0 32
1 0 0 32
2 0 0 32
3 0 0 32
4 0 0 32
start times:
0 8 16 24
end times:
8 16 24 32
load:
2.49375