20 115 4 5
patients: ID surgeon priority leader_priority duration
0 10 3
1 12 6
2 17 6
3 14 8
4 15 1
5 14 7
6 13 2
7 3 3
8 16 4
9 7 6
10 9 1
11 18 5
12 2 14
13 3 6
14 18 7
15 10 14
16 5 11
17 3 5
18 4 2
19 4 1
20 9 1
21 1 5
22 1 13
23 6 7
24 10 12
25 2 3
26 10 6
27 12 6
28 17 1
29 18 10
30 17 16
31 17 11
32 7 6
33 3 6
34 5 6
35 9 6
36 14 9
37 16 3
38 12 2
39 4 14
40 16 4
41 2 1
42 14 2
43 16 18
44 6 18
45 14 6
46 1 15
47 15 4
48 10 4
49 6 14
50 14 6
51 10 7
52 5 4
53 12 2
54 5 6
55 14 1
56 18 2
57 15 10
58 8 12
59 7 1
60 17 12
61 13 9
62 13 9
63 10 14
64 2 6
65 4 11
66 14 3
67 10 1
68 10 5
69 14 11
70 7 4
71 11 1
72 19 4
73 1 6
74 10 14
75 15 3
76 5 8
77 12 5
78 5 1
79 14 9
80 14 2
81 13 18
82 2 6
83 19 2
84 5 6
85 18 11
86 0 1
87 15 4
88 14 11
89 7 6
90 3 3
91 0 2
92 19 7
93 7 3
94 3 20
95 3 17
96 18 4
97 16 3
98 0 3
99 17 1
100 17 5
101 9 6
102 4 18
103 18 13
104 5 12
105 15 3
106 6 4
107 14 6
108 8 9
109 18 6
110 5 6
111 2 12
112 4 11
113 6 1
114 10 4
ORS: day OR start end
0 0 0 32
0 1 0 32
0 2 0 32
0 3 0 32
1 0 0 32
1 1 0 32
1 2 0 32
1 3 0 32
2 0 0 32
2 1 0 32
2 2 0 32
2 3 0 32
3 0 0 32
3 1 0 32
3 2 0 32
3 3 0 32
4 0 0 32
4 1 0 32
4 2 0 32
4 3 0 32
start times:
0 8 16 24
end times:
8 16 24 32
load:
1.209375