20 97 2 5
patients: ID surgeon priority leader_priority duration
0 9 6
1 5 3
2 5 10
3 19 6
4 10 4
5 0 13
6 5 10
7 4 4
8 17 2
9 10 1
10 8 1
11 9 4
12 2 4
13 19 4
14 1 9
15 2 10
16 16 3
17 16 13
18 6 7
19 14 5
20 5 6
21 18 1
22 12 7
23 12 8
24 7 3
25 15 8
26 18 4
27 2 4
28 15 8
29 14 14
30 11 11
31 5 10
32 18 3
33 0 1
34 13 3
35 6 5
36 5 20
37 8 6
38 12 1
39 10 4
40 13 10
41 15 3
42 19 6
43 2 11
44 14 5
45 9 6
46 7 3
47 12 18
48 13 7
49 9 4
50 1 1
51 6 3
52 13 3
53 0 5
54 14 5
55 9 7
56 8 11
57 14 1
58 0 5
59 19 8
60 17 8
61 11 1
62 17 5
63 13 7
64 19 4
65 8 4
66 15 7
67 18 10
68 2 3
69 3 11
70 14 3
71 4 7
72 18 5
73 12 3
74 8 6
75 10 30
76 18 6
77 4 3
78 5 18
79 14 3
80 4 30
81 7 13
82 5 3
83 10 10
84 6 2
85 0 10
86 14 3
87 7 11
88 1 2
89 13 5
90 16 6
91 8 4
92 16 18
93 11 10
94 7 1
95 7 3
96 11 1
ORS: day OR start end
0 0 0 32
0 1 0 32
1 0 0 32
1 1 0 32
2 0 0 32
2 1 0 32
3 0 0 32
3 1 0 32
4 0 0 32
4 1 0 32
start times:
0 8 16 24
end times:
8 16 24 32
load:
2.0125