10 51 1 5
patients: ID surgeon priority leader_priority duration
0 5 5
1 1 6
2 0 5
3 6 4
4 1 4
5 8 13
6 2 7
7 2 3
8 9 6
9 9 1
10 0 5
11 9 11
12 2 5
13 2 5
14 3 7
15 5 4
16 2 14
17 5 5
18 4 8
19 8 6
20 3 2
21 5 4
22 5 7
23 8 3
24 1 8
25 1 11
26 6 1
27 4 8
28 8 5
29 5 4
30 7 1
31 6 5
32 9 2
33 4 1
34 0 18
35 9 14
36 8 11
37 6 13
38 6 2
39 0 2
40 8 3
41 2 4
42 8 11
43 6 7
44 7 1
45 5 6
46 0 10
47 2 7
48 0 10
49 6 6
50 2 10
ORS: day OR start end
0 0 0 32
1 0 0 32
2 0 0 32
3 0 0 32
4 0 0 32
start times:
0 8 16 24
end times:
8 16 24 32
load:
2.00625