20 106 4 5
patients: ID surgeon priority leader_priority duration
0 14 10
1 13 2
2 9 7
3 11 1
4 13 4
5 10 13
6 13 3
7 3 7
8 19 3
9 14 12
10 10 3
11 5 6
12 11 2
13 11 8
14 4 2
15 10 3
16 8 5
17 16 4
18 6 3
19 16 6
20 2 1
21 15 6
22 6 9
23 14 9
24 16 3
25 6 5
26 10 5
27 3 3
28 9 6
29 18 5
30 16 18
31 15 10
32 6 6
33 1 16
34 10 6
35 16 6
36 16 1
37 18 3
38 4 2
39 11 11
40 18 5
41 18 8
42 18 5
43 19 6
44 11 10
45 9 13
46 10 4
47 7 5
48 11 4
49 13 4
50 3 6
51 6 4
52 12 6
53 6 3
54 2 10
55 12 4
56 11 2
57 4 18
58 11 18
59 5 12
60 10 9
61 0 3
62 15 13
63 8 4
64 8 6
65 3 8
66 5 5
67 12 6
68 17 8
69 18 9
70 4 2
71 19 4
72 8 11
73 16 4
74 10 1
75 1 4
76 12 20
77 10 10
78 12 22
79 16 16
80 3 6
81 19 10
82 2 10
83 6 18
84 10 10
85 2 3
86 6 10
87 1 7
88 16 7
89 18 12
90 10 2
91 0 4
92 9 18
93 4 10
94 12 18
95 9 5
96 15 10
97 2 5
98 13 3
99 9 4
100 4 5
101 4 15
102 15 7
103 17 3
104 16 5
105 2 18
ORS: day OR start end
0 0 0 32
0 1 0 32
0 2 0 32
0 3 0 32
1 0 0 32
1 1 0 32
1 2 0 32
1 3 0 32
2 0 0 32
2 1 0 32
2 2 0 32
2 3 0 32
3 0 0 32
3 1 0 32
3 2 0 32
3 3 0 32
4 0 0 32
4 1 0 32
4 2 0 32
4 3 0 32
start times:
0 8 16 24
end times:
8 16 24 32
load:
1.20625