14 94 2 5
patients: ID surgeon priority leader_priority duration
0 11 4
1 2 10
2 11 11
3 5 6
4 7 10
5 2 5
6 1 1
7 2 10
8 5 4
9 12 6
10 10 3
11 4 7
12 4 6
13 6 4
14 4 5
15 0 4
16 2 3
17 12 6
18 8 3
19 8 4
20 12 4
21 6 5
22 13 6
23 4 6
24 13 11
25 8 6
26 7 6
27 0 2
28 5 2
29 11 6
30 5 3
31 3 10
32 7 7
33 11 2
34 13 3
35 0 6
36 10 11
37 5 6
38 8 1
39 12 4
40 5 13
41 1 7
42 13 3
43 8 2
44 4 4
45 9 9
46 6 7
47 3 9
48 1 6
49 0 1
50 2 27
51 12 6
52 13 9
53 7 4
54 0 7
55 6 2
56 13 4
57 4 7
58 11 2
59 12 3
60 4 18
61 13 6
62 6 2
63 5 2
64 9 9
65 6 7
66 8 11
67 13 4
68 1 5
69 12 4
70 11 4
71 10 7
72 10 11
73 2 4
74 7 3
75 2 14
76 7 4
77 1 3
78 6 7
79 10 8
80 5 2
81 12 8
82 10 3
83 10 6
84 2 10
85 7 7
86 4 10
87 5 1
88 2 3
89 6 6
90 8 5
91 2 3
92 3 18
93 0 10
ORS: day OR start end
0 0 0 32
0 1 0 32
1 0 0 32
1 1 0 32
2 0 0 32
2 1 0 32
3 0 0 32
3 1 0 32
4 0 0 32
4 1 0 32
start times:
0 8 16 24
end times:
8 16 24 32
load:
1.8