12 51 1 5
patients: ID surgeon priority leader_priority duration
0 11 5
1 1 6
2 4 5
3 9 4
4 9 4
5 11 13
6 3 7
7 7 3
8 10 6
9 2 1
10 5 5
11 9 11
12 0 5
13 10 5
14 5 7
15 7 4
16 8 14
17 1 5
18 2 8
19 0 6
20 7 2
21 7 4
22 9 7
23 4 3
24 7 8
25 1 11
26 6 1
27 3 8
28 8 5
29 9 4
30 6 1
31 8 5
32 4 2
33 0 1
34 3 18
35 9 14
36 4 11
37 4 13
38 7 2
39 4 2
40 11 3
41 2 4
42 4 11
43 8 7
44 3 1
45 4 6
46 11 10
47 1 7
48 5 10
49 4 6
50 11 10
ORS: day OR start end
0 0 0 32
1 0 0 32
2 0 0 32
3 0 0 32
4 0 0 32
start times:
0 8 16 24
end times:
8 16 24 32
load:
2.00625