12 60 1 5
patients: ID surgeon priority leader_priority duration
0 3 10
1 8 10
2 3 6
3 2 17
4 7 3
5 11 3
6 6 7
7 5 3
8 6 17
9 8 6
10 9 6
11 0 16
12 4 11
13 3 1
14 6 10
15 6 1
16 2 3
17 3 12
18 6 12
19 4 18
20 6 10
21 2 6
22 1 5
23 8 3
24 1 4
25 9 10
26 10 5
27 3 4
28 5 6
29 8 3
30 1 18
31 4 5
32 10 3
33 2 1
34 7 10
35 10 6
36 7 4
37 2 3
38 5 10
39 0 2
40 5 3
41 10 8
42 6 11
43 1 6
44 0 1
45 8 6
46 2 9
47 6 6
48 2 13
49 2 1
50 10 3
51 3 3
52 7 2
53 2 10
54 7 6
55 2 5
56 10 2
57 7 5
58 8 6
59 3 7
ORS: day OR start end
0 0 0 32
1 0 0 32
2 0 0 32
3 0 0 32
4 0 0 32
start times:
0 8 16 24
end times:
8 16 24 32
load:
2.51875