14 51 1 5
patients: ID surgeon priority leader_priority duration
0 6 5
1 6 6
2 6 5
3 8 4
4 4 4
5 6 13
6 5 7
7 11 3
8 2 6
9 2 1
10 4 5
11 11 11
12 3 5
13 6 5
14 10 7
15 9 4
16 6 14
17 12 5
18 4 8
19 7 6
20 6 2
21 12 4
22 11 7
23 0 3
24 2 8
25 7 11
26 5 1
27 2 8
28 13 5
29 0 4
30 5 1
31 8 5
32 2 2
33 10 1
34 13 18
35 6 14
36 0 11
37 3 13
38 6 2
39 0 2
40 6 3
41 10 4
42 3 11
43 9 7
44 5 1
45 11 6
46 2 10
47 12 7
48 12 10
49 4 6
50 4 10
ORS: day OR start end
0 0 0 32
1 0 0 32
2 0 0 32
3 0 0 32
4 0 0 32
start times:
0 8 16 24
end times:
8 16 24 32
load:
2.00625