10 45 1 5
patients: ID surgeon priority leader_priority duration
0 2 7
1 1 5
2 2 14
3 4 6
4 4 6
5 4 16
6 7 7
7 0 18
8 0 6
9 7 3
10 0 8
11 0 7
12 7 6
13 7 2
14 6 11
15 2 6
16 1 10
17 8 10
18 3 1
19 7 8
20 2 3
21 9 6
22 7 13
23 6 13
24 0 6
25 9 1
26 1 1
27 0 4
28 2 3
29 9 10
30 8 3
31 9 9
32 3 6
33 6 4
34 6 10
35 7 5
36 9 2
37 5 3
38 4 2
39 6 7
40 2 16
41 0 11
42 4 6
43 9 8
44 3 11
ORS: day OR start end
0 0 0 32
1 0 0 32
2 0 0 32
3 0 0 32
4 0 0 32
start times:
0 8 16 24
end times:
8 16 24 32
load:
2.0