14 80 2 5
patients: ID surgeon priority leader_priority duration
0 12 3
1 0 8
2 7 1
3 1 1
4 1 8
5 10 6
6 8 1
7 13 13
8 0 2
9 12 10
10 10 2
11 0 3
12 3 2
13 6 13
14 5 3
15 10 6
16 6 1
17 13 12
18 2 5
19 6 2
20 1 6
21 6 7
22 6 10
23 3 9
24 1 5
25 12 6
26 4 4
27 9 18
28 4 13
29 0 11
30 1 4
31 11 5
32 11 5
33 4 8
34 11 6
35 6 3
36 6 14
37 9 16
38 4 18
39 3 10
40 12 6
41 3 6
42 11 21
43 1 11
44 0 6
45 12 1
46 12 12
47 3 4
48 10 16
49 3 4
50 8 10
51 13 3
52 11 14
53 1 17
54 3 9
55 6 6
56 6 10
57 5 10
58 12 1
59 8 5
60 5 13
61 1 11
62 3 14
63 9 6
64 8 3
65 5 4
66 6 4
67 10 5
68 12 5
69 1 4
70 1 3
71 3 4
72 9 6
73 13 1
74 9 6
75 1 5
76 13 5
77 11 15
78 12 6
79 6 2
ORS: day OR start end
0 0 0 32
0 1 0 32
1 0 0 32
1 1 0 32
2 0 0 32
2 1 0 32
3 0 0 32
3 1 0 32
4 0 0 32
4 1 0 32
start times:
0 8 16 24
end times:
8 16 24 32
load:
1.79375