20 111 4 5
patients: ID surgeon priority leader_priority duration
0 17 10
1 0 1
2 17 6
3 15 21
4 8 5
5 14 6
6 15 10
7 10 11
8 2 4
9 9 3
10 14 2
11 14 1
12 11 6
13 13 3
14 4 4
15 19 6
16 11 7
17 9 1
18 9 15
19 9 13
20 1 5
21 2 17
22 7 10
23 12 2
24 4 2
25 7 1
26 0 5
27 12 4
28 1 10
29 15 2
30 19 4
31 19 6
32 3 2
33 6 3
34 2 13
35 12 4
36 15 6
37 11 6
38 1 5
39 12 3
40 17 5
41 10 18
42 13 11
43 19 10
44 17 7
45 4 11
46 0 3
47 15 2
48 7 4
49 13 6
50 14 9
51 15 9
52 16 6
53 8 6
54 1 10
55 2 11
56 0 2
57 14 6
58 16 14
59 3 4
60 12 10
61 17 8
62 2 5
63 11 16
64 6 5
65 19 6
66 19 11
67 11 13
68 10 6
69 0 18
70 4 20
71 16 3
72 13 3
73 9 1
74 17 5
75 9 4
76 13 13
77 12 7
78 12 6
79 14 11
80 5 7
81 0 10
82 17 4
83 12 13
84 0 6
85 2 2
86 19 6
87 5 6
88 8 6
89 5 7
90 10 2
91 8 7
92 7 3
93 19 6
94 18 11
95 16 4
96 4 2
97 17 5
98 17 10
99 2 2
100 12 10
101 8 3
102 8 6
103 19 6
104 12 11
105 17 3
106 18 14
107 4 2
108 6 3
109 13 13
110 9 13
ORS: day OR start end
0 0 0 32
0 1 0 32
0 2 0 32
0 3 0 32
1 0 0 32
1 1 0 32
1 2 0 32
1 3 0 32
2 0 0 32
2 1 0 32
2 2 0 32
2 3 0 32
3 0 0 32
3 1 0 32
3 2 0 32
3 3 0 32
4 0 0 32
4 1 0 32
4 2 0 32
4 3 0 32
start times:
0 8 16 24
end times:
8 16 24 32
load:
1.2078125