14 53 2 5
patients: ID surgeon priority leader_priority duration
0 0 5
1 11 12
2 6 13
3 12 1
4 11 10
5 3 6
6 10 8
7 13 9
8 12 2
9 12 14
10 4 8
11 9 6
12 1 9
13 11 18
14 6 18
15 9 12
16 7 3
17 11 1
18 9 4
19 6 1
20 10 11
21 11 9
22 1 1
23 8 6
24 2 14
25 12 1
26 11 3
27 7 3
28 11 5
29 10 6
30 3 2
31 9 13
32 8 7
33 6 6
34 13 10
35 6 1
36 9 10
37 0 6
38 10 4
39 3 6
40 12 5
41 6 9
42 0 1
43 5 16
44 13 2
45 6 18
46 13 1
47 8 3
48 6 8
49 13 5
50 9 20
51 8 11
52 0 1
ORS: day OR start end
0 0 0 32
0 1 0 32
1 0 0 32
1 1 0 32
2 0 0 32
2 1 0 32
3 0 0 32
3 1 0 32
4 0 0 32
4 1 0 32
start times:
0 8 16 24
end times:
8 16 24 32
load:
1.2