20 186 4 5
patients: ID surgeon priority leader_priority duration
0 11 8
1 9 4
2 3 20
3 2 8
4 17 8
5 15 4
6 10 7
7 9 3
8 3 10
9 10 4
10 0 4
11 9 3
12 4 3
13 1 5
14 15 5
15 7 1
16 10 1
17 3 2
18 13 5
19 4 5
20 13 6
21 17 2
22 10 2
23 16 16
24 1 7
25 14 11
26 1 13
27 4 7
28 6 10
29 0 11
30 5 14
31 8 3
32 2 5
33 3 6
34 11 4
35 16 5
36 1 4
37 10 11
38 12 12
39 8 1
40 17 1
41 16 8
42 3 7
43 10 5
44 10 4
45 15 6
46 14 3
47 11 6
48 9 4
49 1 3
50 16 11
51 7 10
52 8 7
53 14 5
54 13 7
55 19 13
56 7 4
57 18 2
58 18 3
59 17 10
60 6 13
61 18 18
62 10 6
63 15 3
64 0 12
65 5 3
66 15 4
67 17 1
68 3 9
69 3 5
70 7 8
71 18 3
72 16 5
73 4 8
74 14 5
75 4 6
76 5 9
77 6 11
78 6 6
79 12 5
80 5 18
81 19 16
82 18 4
83 15 10
84 4 9
85 0 10
86 2 2
87 5 4
88 5 3
89 8 8
90 10 11
91 5 3
92 0 2
93 5 14
94 13 1
95 19 10
96 6 6
97 12 10
98 10 4
99 15 1
100 14 10
101 9 17
102 4 3
103 17 6
104 14 18
105 2 4
106 3 5
107 1 5
108 19 3
109 8 17
110 9 7
111 16 3
112 16 6
113 11 3
114 10 1
115 13 8
116 10 3
117 1 5
118 5 6
119 17 20
120 9 7
121 0 30
122 12 3
123 8 17
124 10 6
125 4 3
126 12 3
127 9 6
128 9 6
129 0 6
130 8 6
131 4 7
132 18 6
133 0 4
134 19 3
135 8 10
136 13 10
137 4 12
138 15 13
139 15 7
140 5 3
141 17 1
142 0 9
143 8 14
144 17 5
145 0 6
146 3 4
147 13 10
148 17 10
149 4 17
150 4 4
151 18 10
152 11 6
153 8 4
154 18 3
155 17 6
156 15 8
157 9 4
158 5 1
159 15 11
160 2 10
161 10 4
162 3 5
163 8 3
164 13 11
165 2 10
166 9 3
167 18 1
168 17 5
169 19 6
170 11 6
171 19 18
172 8 6
173 2 10
174 7 6
175 10 6
176 19 6
177 4 2
178 0 6
179 2 4
180 9 18
181 15 4
182 17 4
183 8 2
184 6 2
185 9 5
ORS: day OR start end
0 0 0 32
0 1 0 32
0 2 0 32
0 3 0 32
1 0 0 32
1 1 0 32
1 2 0 32
1 3 0 32
2 0 0 32
2 1 0 32
2 2 0 32
2 3 0 32
3 0 0 32
3 1 0 32
3 2 0 32
3 3 0 32
4 0 0 32
4 1 0 32
4 2 0 32
4 3 0 32
start times:
0 8 16 24
end times:
8 16 24 32
load:
1.9984375