14 45 1 5
patients: ID surgeon priority leader_priority duration
0 12 7
1 1 5
2 1 14
3 6 6
4 12 6
5 2 16
6 10 7
7 8 18
8 5 6
9 8 3
10 10 8
11 8 7
12 9 6
13 8 2
14 3 11
15 6 6
16 12 10
17 3 10
18 7 1
19 3 8
20 11 3
21 10 6
22 4 13
23 5 13
24 7 6
25 7 1
26 0 1
27 10 4
28 2 3
29 8 10
30 10 3
31 3 9
32 0 6
33 13 4
34 10 10
35 13 5
36 6 2
37 11 3
38 8 2
39 10 7
40 1 16
41 13 11
42 9 6
43 11 8
44 6 11
ORS: day OR start end
0 0 0 32
1 0 0 32
2 0 0 32
3 0 0 32
4 0 0 32
start times:
0 8 16 24
end times:
8 16 24 32
load:
2.0