12 45 1 5
patients: ID surgeon priority leader_priority duration
0 8 7
1 9 5
2 10 14
3 6 6
4 1 6
5 10 16
6 2 7
7 1 18
8 7 6
9 11 3
10 3 8
11 3 7
12 6 6
13 11 2
14 2 11
15 2 6
16 2 10
17 5 10
18 6 1
19 0 8
20 8 3
21 0 6
22 8 13
23 1 13
24 11 6
25 8 1
26 9 1
27 7 4
28 5 3
29 10 10
30 11 3
31 0 9
32 0 6
33 4 4
34 6 10
35 10 5
36 5 2
37 11 3
38 9 2
39 3 7
40 2 16
41 11 11
42 4 6
43 2 8
44 5 11
ORS: day OR start end
0 0 0 32
1 0 0 32
2 0 0 32
3 0 0 32
4 0 0 32
start times:
0 8 16 24
end times:
8 16 24 32
load:
2.0