20 92 2 5
patients: ID surgeon priority leader_priority duration
0 11 10
1 19 3
2 10 6
3 6 5
4 7 8
5 7 18
6 17 4
7 9 12
8 17 1
9 15 25
10 6 9
11 19 6
12 3 3
13 12 2
14 8 1
15 13 1
16 12 6
17 5 6
18 9 7
19 17 5
20 6 3
21 13 15
22 6 6
23 17 16
24 12 6
25 12 4
26 4 10
27 3 6
28 18 5
29 9 2
30 18 3
31 6 11
32 18 1
33 18 2
34 5 3
35 18 3
36 4 5
37 9 6
38 9 10
39 16 5
40 17 7
41 0 4
42 13 10
43 8 12
44 10 7
45 13 8
46 8 18
47 11 5
48 0 7
49 5 6
50 16 8
51 0 6
52 4 9
53 19 17
54 6 2
55 14 6
56 18 4
57 12 1
58 13 5
59 0 6
60 14 5
61 2 5
62 10 1
63 18 7
64 16 6
65 18 6
66 8 18
67 8 14
68 15 3
69 15 2
70 4 3
71 2 3
72 16 5
73 16 6
74 10 10
75 6 9
76 14 3
77 16 1
78 7 1
79 16 5
80 15 3
81 5 6
82 7 11
83 1 7
84 19 6
85 3 17
86 1 8
87 11 16
88 13 10
89 10 16
90 9 6
91 14 12
ORS: day OR start end
0 0 0 32
0 1 0 32
1 0 0 32
1 1 0 32
2 0 0 32
2 1 0 32
3 0 0 32
3 1 0 32
4 0 0 32
4 1 0 32
start times:
0 8 16 24
end times:
8 16 24 32
load:
1.996875