14 72 2 5
patients: ID surgeon priority leader_priority duration
0 0 17
1 0 11
2 6 6
3 12 7
4 0 5
5 5 4
6 7 6
7 12 18
8 0 2
9 0 2
10 10 6
11 13 2
12 10 8
13 3 6
14 2 14
15 9 2
16 8 2
17 3 3
18 2 18
19 3 10
20 5 10
21 11 7
22 4 3
23 13 3
24 11 29
25 6 10
26 0 1
27 6 7
28 0 8
29 11 4
30 1 6
31 0 1
32 1 6
33 0 7
34 9 6
35 5 6
36 10 1
37 5 3
38 10 2
39 13 4
40 9 6
41 11 6
42 4 1
43 8 5
44 10 10
45 2 2
46 0 11
47 0 4
48 6 18
49 7 4
50 3 2
51 13 6
52 2 10
53 11 3
54 7 6
55 8 13
56 9 3
57 8 8
58 13 3
59 1 7
60 1 7
61 5 7
62 10 6
63 12 4
64 13 10
65 9 5
66 4 7
67 1 3
68 8 6
69 0 8
70 13 9
71 3 13
ORS: day OR start end
0 0 0 32
0 1 0 32
1 0 0 32
1 1 0 32
2 0 0 32
2 1 0 32
3 0 0 32
3 1 0 32
4 0 0 32
4 1 0 32
start times:
0 8 16 24
end times:
8 16 24 32
load:
1.51875