14 43 1 5
patients: ID surgeon priority leader_priority duration
0 0 4
1 8 8
2 3 3
3 5 6
4 8 3
5 8 11
6 5 7
7 2 6
8 9 9
9 7 6
10 9 7
11 4 7
12 0 6
13 6 2
14 4 12
15 12 11
16 11 11
17 13 6
18 9 10
19 3 1
20 2 3
21 13 11
22 9 3
23 2 10
24 4 4
25 0 6
26 11 5
27 2 5
28 8 18
29 3 7
30 2 18
31 11 5
32 3 4
33 3 17
34 2 3
35 5 13
36 12 6
37 3 2
38 11 3
39 5 6
40 11 20
41 13 6
42 7 10
ORS: day OR start end
0 0 0 32
1 0 0 32
2 0 0 32
3 0 0 32
4 0 0 32
start times:
0 8 16 24
end times:
8 16 24 32
load:
2.00625