20 200 4 5
patients: ID surgeon priority leader_priority duration
0 2 6
1 12 10
2 10 7
3 3 10
4 6 8
5 5 6
6 18 1
7 9 3
8 2 3
9 19 2
10 13 2
11 15 4
12 3 6
13 11 5
14 12 2
15 19 3
16 14 15
17 3 2
18 6 6
19 2 16
20 15 3
21 14 1
22 13 7
23 16 10
24 0 6
25 4 5
26 16 3
27 4 6
28 17 4
29 5 8
30 7 6
31 11 3
32 4 2
33 3 6
34 19 13
35 5 7
36 10 17
37 4 10
38 12 16
39 17 2
40 5 3
41 7 6
42 7 8
43 18 17
44 5 10
45 10 5
46 5 6
47 11 6
48 10 6
49 5 10
50 14 8
51 8 3
52 19 4
53 4 2
54 3 5
55 16 1
56 3 6
57 15 11
58 9 6
59 18 10
60 14 15
61 5 13
62 9 5
63 13 6
64 17 10
65 13 5
66 13 5
67 5 1
68 13 8
69 15 9
70 17 6
71 8 4
72 19 6
73 18 3
74 7 13
75 4 7
76 13 1
77 7 1
78 14 6
79 18 6
80 14 7
81 0 30
82 4 14
83 15 11
84 19 10
85 13 4
86 15 1
87 14 4
88 9 2
89 0 8
90 4 13
91 8 6
92 5 6
93 1 4
94 19 2
95 18 25
96 11 3
97 14 4
98 16 4
99 7 4
100 6 1
101 17 6
102 19 1
103 2 7
104 18 4
105 1 4
106 1 2
107 2 1
108 3 7
109 2 6
110 10 7
111 10 10
112 6 5
113 9 3
114 4 1
115 8 6
116 8 7
117 6 18
118 2 6
119 8 1
120 9 6
121 12 11
122 16 9
123 5 11
124 7 7
125 0 6
126 7 10
127 14 2
128 3 5
129 14 6
130 7 8
131 2 1
132 10 4
133 19 2
134 5 10
135 5 1
136 18 11
137 10 5
138 17 13
139 15 1
140 6 5
141 1 8
142 14 9
143 18 8
144 15 6
145 4 15
146 17 6
147 3 3
148 6 8
149 11 13
150 8 6
151 13 7
152 4 3
153 11 1
154 4 1
155 19 4
156 18 7
157 2 2
158 18 8
159 2 4
160 16 10
161 5 18
162 12 6
163 5 6
164 12 3
165 9 4
166 6 5
167 11 6
168 2 1
169 17 7
170 0 6
171 13 10
172 11 6
173 2 7
174 14 13
175 9 4
176 12 2
177 18 17
178 13 6
179 1 2
180 2 6
181 6 3
182 1 4
183 3 2
184 10 5
185 11 10
186 16 6
187 18 7
188 10 7
189 8 6
190 8 8
191 7 6
192 4 5
193 6 6
194 15 3
195 8 6
196 9 2
197 17 8
198 2 1
199 10 1
ORS: day OR start end
0 0 0 32
0 1 0 32
0 2 0 32
0 3 0 32
1 0 0 32
1 1 0 32
1 2 0 32
1 3 0 32
2 0 0 32
2 1 0 32
2 2 0 32
2 3 0 32
3 0 0 32
3 1 0 32
3 2 0 32
3 3 0 32
4 0 0 32
4 1 0 32
4 2 0 32
4 3 0 32
start times:
0 8 16 24
end times:
8 16 24 32
load:
1.990625