14 64 2 5
patients: ID surgeon priority leader_priority duration
0 10 10
1 4 6
2 9 2
3 13 6
4 5 3
5 10 18
6 3 5
7 3 16
8 6 18
9 10 12
10 0 1
11 9 6
12 0 3
13 9 4
14 0 10
15 11 3
16 2 2
17 10 2
18 4 2
19 4 14
20 3 11
21 9 13
22 6 11
23 9 20
24 12 18
25 7 2
26 5 9
27 9 10
28 7 14
29 5 5
30 4 2
31 4 24
32 12 10
33 9 11
34 5 3
35 13 8
36 8 7
37 7 10
38 7 5
39 13 6
40 2 6
41 7 3
42 3 1
43 1 3
44 4 14
45 8 3
46 0 12
47 1 13
48 1 5
49 9 6
50 7 10
51 11 10
52 1 6
53 9 4
54 8 3
55 7 7
56 9 1
57 13 1
58 6 5
59 11 16
60 8 3
61 2 5
62 2 1
63 0 3
ORS: day OR start end
0 0 0 32
0 1 0 32
1 0 0 32
1 1 0 32
2 0 0 32
2 1 0 32
3 0 0 32
3 1 0 32
4 0 0 32
4 1 0 32
start times:
0 8 16 24
end times:
8 16 24 32
load:
1.509375