20 112 4 5
patients: ID surgeon priority leader_priority duration
0 14 17
1 9 3
2 0 5
3 7 3
4 1 3
5 12 1
6 12 4
7 19 5
8 7 5
9 2 8
10 19 5
11 13 5
12 9 6
13 17 14
14 18 3
15 15 18
16 10 18
17 10 2
18 5 5
19 16 14
20 15 1
21 7 1
22 18 1
23 8 4
24 4 8
25 18 10
26 5 1
27 8 13
28 13 3
29 16 12
30 11 6
31 19 5
32 11 10
33 3 7
34 13 6
35 15 5
36 2 5
37 14 6
38 15 4
39 5 8
40 0 3
41 7 4
42 9 6
43 19 4
44 17 6
45 5 9
46 16 2
47 14 14
48 12 11
49 12 18
50 10 13
51 3 5
52 14 6
53 10 8
54 14 3
55 17 12
56 8 11
57 4 6
58 1 3
59 16 3
60 4 5
61 3 7
62 11 12
63 13 7
64 4 18
65 6 6
66 2 1
67 18 5
68 4 14
69 10 13
70 12 1
71 3 3
72 5 13
73 10 6
74 11 10
75 15 17
76 12 10
77 18 6
78 7 5
79 12 7
80 0 4
81 9 3
82 2 3
83 15 5
84 15 7
85 16 11
86 5 9
87 16 7
88 1 2
89 5 13
90 2 5
91 4 15
92 9 9
93 1 5
94 1 14
95 5 5
96 5 1
97 8 2
98 18 7
99 0 6
100 5 7
101 12 3
102 10 6
103 15 13
104 3 10
105 16 4
106 17 3
107 16 4
108 13 7
109 11 3
110 16 6
111 2 1
ORS: day OR start end
0 0 0 32
0 1 0 32
0 2 0 32
0 3 0 32
1 0 0 32
1 1 0 32
1 2 0 32
1 3 0 32
2 0 0 32
2 1 0 32
2 2 0 32
2 3 0 32
3 0 0 32
3 1 0 32
3 2 0 32
3 3 0 32
4 0 0 32
4 1 0 32
4 2 0 32
4 3 0 32
start times:
0 8 16 24
end times:
8 16 24 32
load:
1.2078125