14 60 2 5
patients: ID surgeon priority leader_priority duration
0 10 3
1 10 11
2 10 2
3 1 18
4 1 2
5 11 3
6 1 3
7 1 4
8 10 5
9 3 3
10 7 5
11 8 12
12 5 8
13 2 2
14 7 11
15 3 3
16 9 16
17 9 6
18 3 11
19 2 13
20 4 5
21 5 5
22 11 4
23 13 5
24 12 12
25 7 16
26 6 3
27 5 6
28 6 3
29 8 6
30 5 6
31 10 12
32 10 5
33 2 13
34 11 6
35 11 2
36 0 9
37 13 6
38 12 2
39 5 4
40 4 4
41 10 10
42 3 13
43 13 4
44 7 5
45 10 7
46 5 6
47 7 7
48 13 3
49 10 10
50 7 1
51 3 5
52 13 4
53 5 4
54 6 4
55 0 2
56 2 1
57 6 13
58 12 1
59 8 14
ORS: day OR start end
0 0 0 32
0 1 0 32
1 0 0 32
1 1 0 32
2 0 0 32
2 1 0 32
3 0 0 32
3 1 0 32
4 0 0 32
4 1 0 32
start times:
0 8 16 24
end times:
8 16 24 32
load:
1.215625