14 93 2 5
patients: ID surgeon priority leader_priority duration
0 4 17
1 1 18
2 7 6
3 2 4
4 7 6
5 2 6
6 0 1
7 2 3
8 12 6
9 2 13
10 0 6
11 13 3
12 1 1
13 7 6
14 7 20
15 10 2
16 9 6
17 6 18
18 0 7
19 6 29
20 5 10
21 9 4
22 0 10
23 6 6
24 0 3
25 0 5
26 1 2
27 8 5
28 10 3
29 4 2
30 0 10
31 11 4
32 6 1
33 1 6
34 4 3
35 8 3
36 3 1
37 12 3
38 1 6
39 12 4
40 0 1
41 8 3
42 12 1
43 8 3
44 4 6
45 8 5
46 4 6
47 8 5
48 6 8
49 3 2
50 2 4
51 8 3
52 2 6
53 13 2
54 11 8
55 11 6
56 8 1
57 11 18
58 1 4
59 11 4
60 5 6
61 4 1
62 5 6
63 0 4
64 1 1
65 2 6
66 0 2
67 4 6
68 5 5
69 9 10
70 11 13
71 6 1
72 3 2
73 7 3
74 1 18
75 12 13
76 2 13
77 7 6
78 0 12
79 10 14
80 11 1
81 6 3
82 3 5
83 12 7
84 6 4
85 10 6
86 3 2
87 5 7
88 5 10
89 1 4
90 10 17
91 5 7
92 4 2
ORS: day OR start end
0 0 0 32
0 1 0 32
1 0 0 32
1 1 0 32
2 0 0 32
2 1 0 32
3 0 0 32
3 1 0 32
4 0 0 32
4 1 0 32
start times:
0 8 16 24
end times:
8 16 24 32
load:
1.81875