14 54 1 5
patients: ID surgeon priority leader_priority duration
0 3 3
1 2 5
2 7 13
3 0 2
4 6 7
5 6 2
6 11 4
7 8 17
8 8 3
9 13 10
10 12 6
11 5 10
12 4 1
13 12 14
14 11 3
15 7 2
16 9 5
17 13 3
18 3 1
19 11 4
20 13 5
21 7 1
22 5 2
23 10 3
24 2 9
25 7 6
26 1 10
27 6 6
28 12 1
29 7 5
30 7 5
31 12 5
32 4 6
33 10 3
34 3 7
35 5 4
36 9 1
37 13 5
38 6 2
39 12 11
40 4 8
41 5 6
42 9 6
43 9 13
44 6 6
45 5 7
46 6 29
47 10 2
48 10 5
49 1 1
50 8 4
51 8 8
52 11 6
53 2 12
ORS: day OR start end
0 0 0 32
1 0 0 32
2 0 0 32
3 0 0 32
4 0 0 32
start times:
0 8 16 24
end times:
8 16 24 32
load:
2.03125