10 54 1 5
patients: ID surgeon priority leader_priority duration
0 5 3
1 8 5
2 2 13
3 2 2
4 8 7
5 7 2
6 4 4
7 6 17
8 7 3
9 6 10
10 0 6
11 9 10
12 9 1
13 0 14
14 1 3
15 5 2
16 2 5
17 9 3
18 6 1
19 5 4
20 9 5
21 6 1
22 7 2
23 7 3
24 9 9
25 0 6
26 3 10
27 4 6
28 4 1
29 4 5
30 6 5
31 8 5
32 5 6
33 4 3
34 8 7
35 9 4
36 1 1
37 9 5
38 4 2
39 2 11
40 6 8
41 8 6
42 4 6
43 0 13
44 4 6
45 8 7
46 1 29
47 8 2
48 1 5
49 6 1
50 0 4
51 6 8
52 2 6
53 3 12
ORS: day OR start end
0 0 0 32
1 0 0 32
2 0 0 32
3 0 0 32
4 0 0 32
start times:
0 8 16 24
end times:
8 16 24 32
load:
2.03125