12 68 1 5
patients: ID surgeon priority leader_priority duration
0 2 4
1 8 10
2 8 3
3 11 6
4 4 5
5 4 18
6 1 6
7 0 5
8 6 4
9 8 3
10 2 4
11 1 2
12 7 1
13 0 9
14 2 12
15 10 6
16 7 7
17 4 1
18 3 8
19 10 7
20 9 10
21 11 12
22 10 4
23 4 6
24 2 11
25 9 1
26 2 4
27 1 11
28 5 6
29 3 6
30 1 5
31 9 2
32 1 1
33 6 1
34 6 5
35 3 3
36 6 1
37 10 6
38 11 2
39 10 8
40 4 8
41 9 2
42 10 1
43 2 4
44 2 1
45 0 7
46 1 10
47 1 8
48 7 18
49 8 5
50 9 5
51 2 2
52 7 5
53 11 1
54 10 4
55 1 1
56 7 30
57 4 1
58 7 6
59 4 7
60 1 4
61 1 8
62 10 6
63 2 5
64 6 3
65 7 6
66 5 2
67 8 11
ORS: day OR start end
0 0 0 32
1 0 0 32
2 0 0 32
3 0 0 32
4 0 0 32
start times:
0 8 16 24
end times:
8 16 24 32
load:
2.48125