20 167 4 5
patients: ID surgeon priority leader_priority duration
0 14 10
1 13 4
2 9 6
3 5 13
4 8 5
5 12 2
6 15 14
7 19 6
8 9 10
9 8 10
10 13 18
11 10 10
12 14 3
13 9 3
14 14 4
15 15 6
16 12 7
17 3 12
18 14 10
19 9 6
20 5 17
21 13 11
22 19 1
23 18 3
24 4 6
25 8 6
26 18 2
27 2 2
28 10 2
29 18 1
30 17 2
31 9 3
32 14 3
33 1 7
34 8 10
35 7 1
36 19 5
37 13 9
38 19 3
39 17 3
40 1 4
41 4 12
42 11 14
43 2 2
44 3 18
45 13 2
46 14 7
47 10 4
48 19 18
49 10 10
50 0 5
51 11 2
52 19 14
53 16 4
54 19 29
55 0 11
56 13 3
57 0 12
58 12 8
59 4 6
60 7 2
61 8 6
62 3 6
63 11 14
64 19 6
65 16 18
66 8 13
67 13 6
68 1 10
69 15 4
70 2 4
71 15 4
72 8 4
73 6 7
74 8 12
75 12 6
76 14 7
77 19 6
78 12 3
79 3 4
80 1 5
81 12 4
82 11 7
83 11 3
84 4 5
85 1 11
86 0 5
87 10 6
88 6 10
89 3 14
90 1 18
91 8 5
92 17 3
93 6 3
94 9 2
95 4 5
96 17 13
97 12 15
98 3 5
99 4 9
100 15 6
101 8 4
102 19 3
103 1 1
104 14 4
105 16 4
106 2 1
107 16 3
108 2 6
109 17 6
110 2 12
111 15 4
112 15 6
113 13 1
114 13 6
115 15 8
116 18 4
117 1 10
118 4 3
119 9 13
120 0 5
121 2 3
122 18 8
123 2 6
124 3 18
125 0 14
126 12 3
127 8 10
128 9 6
129 19 5
130 2 18
131 3 8
132 14 4
133 19 16
134 9 7
135 9 11
136 18 4
137 11 5
138 5 6
139 10 2
140 4 5
141 4 9
142 17 3
143 11 3
144 17 1
145 7 5
146 19 6
147 10 2
148 3 4
149 0 6
150 3 3
151 14 5
152 0 1
153 17 5
154 2 11
155 12 3
156 4 5
157 6 7
158 5 1
159 5 3
160 15 4
161 18 7
162 17 2
163 5 6
164 11 18
165 5 18
166 16 15
ORS: day OR start end
0 0 0 32
0 1 0 32
0 2 0 32
0 3 0 32
1 0 0 32
1 1 0 32
1 2 0 32
1 3 0 32
2 0 0 32
2 1 0 32
2 2 0 32
2 3 0 32
3 0 0 32
3 1 0 32
3 2 0 32
3 3 0 32
4 0 0 32
4 1 0 32
4 2 0 32
4 3 0 32
start times:
0 8 16 24
end times:
8 16 24 32
load:
1.8015625