20 98 2 5
patients: ID surgeon priority leader_priority duration
0 18 4
1 9 4
2 6 3
3 3 1
4 2 10
5 15 3
6 5 1
7 14 10
8 16 5
9 1 7
10 1 5
11 18 6
12 15 5
13 13 5
14 11 12
15 7 11
16 3 4
17 1 4
18 17 10
19 3 11
20 9 2
21 8 11
22 5 13
23 16 6
24 14 1
25 0 6
26 0 6
27 2 7
28 9 14
29 5 10
30 5 3
31 7 10
32 19 4
33 7 3
34 14 6
35 0 5
36 7 1
37 6 14
38 1 5
39 8 7
40 15 5
41 4 3
42 16 5
43 5 3
44 17 3
45 8 4
46 13 1
47 19 6
48 1 18
49 4 1
50 6 6
51 10 27
52 16 16
53 9 2
54 14 7
55 2 4
56 0 10
57 12 6
58 7 3
59 18 30
60 19 4
61 2 6
62 8 3
63 14 6
64 3 11
65 9 2
66 19 8
67 15 6
68 12 1
69 8 4
70 12 5
71 11 5
72 2 12
73 8 10
74 17 3
75 3 6
76 3 5
77 15 6
78 13 4
79 4 6
80 11 6
81 4 18
82 4 2
83 7 11
84 12 1
85 7 5
86 4 11
87 14 18
88 3 4
89 9 8
90 4 1
91 1 1
92 11 1
93 15 6
94 0 7
95 13 6
96 0 4
97 15 5
ORS: day OR start end
0 0 0 32
0 1 0 32
1 0 0 32
1 1 0 32
2 0 0 32
2 1 0 32
3 0 0 32
3 1 0 32
4 0 0 32
4 1 0 32
start times:
0 8 16 24
end times:
8 16 24 32
load:
2.009375