12 54 1 5
patients: ID surgeon priority leader_priority duration
0 0 3
1 8 5
2 3 13
3 6 2
4 8 7
5 7 2
6 6 4
7 7 17
8 1 3
9 11 10
10 0 6
11 8 10
12 11 1
13 9 14
14 1 3
15 4 2
16 2 5
17 10 3
18 5 1
19 6 4
20 8 5
21 6 1
22 1 2
23 6 3
24 6 9
25 11 6
26 11 10
27 4 6
28 5 1
29 5 5
30 9 5
31 7 5
32 8 6
33 8 3
34 8 7
35 2 4
36 6 1
37 5 5
38 9 2
39 7 11
40 6 8
41 0 6
42 8 6
43 4 13
44 7 6
45 10 7
46 10 29
47 4 2
48 10 5
49 6 1
50 11 4
51 6 8
52 8 6
53 7 12
ORS: day OR start end
0 0 0 32
1 0 0 32
2 0 0 32
3 0 0 32
4 0 0 32
start times:
0 8 16 24
end times:
8 16 24 32
load:
2.03125