14 75 2 5
patients: ID surgeon priority leader_priority duration
0 12 16
1 4 6
2 5 16
3 10 6
4 1 1
5 3 5
6 13 3
7 13 1
8 12 9
9 10 5
10 7 8
11 1 4
12 0 13
13 6 14
14 2 4
15 9 10
16 10 1
17 6 8
18 4 7
19 4 10
20 9 3
21 8 10
22 2 11
23 6 16
24 3 18
25 10 3
26 7 6
27 2 6
28 1 3
29 1 3
30 7 15
31 0 4
32 5 5
33 10 3
34 13 6
35 3 10
36 2 5
37 11 1
38 0 3
39 7 5
40 8 6
41 7 7
42 11 5
43 4 8
44 7 3
45 10 7
46 10 3
47 3 11
48 9 6
49 11 6
50 8 8
51 5 18
52 12 7
53 10 6
54 2 1
55 7 3
56 8 13
57 8 4
58 13 3
59 9 6
60 4 10
61 5 1
62 3 3
63 5 3
64 4 1
65 7 6
66 10 3
67 4 3
68 10 6
69 3 1
70 11 1
71 7 1
72 4 12
73 9 6
74 10 10
ORS: day OR start end
0 0 0 32
0 1 0 32
1 0 0 32
1 1 0 32
2 0 0 32
2 1 0 32
3 0 0 32
3 1 0 32
4 0 0 32
4 1 0 32
start times:
0 8 16 24
end times:
8 16 24 32
load:
1.503125