20 189 4 5
patients: ID surgeon priority leader_priority duration
0 10 2
1 8 3
2 3 7
3 4 4
4 10 4
5 10 6
6 1 10
7 10 2
8 6 3
9 16 6
10 16 4
11 11 1
12 9 4
13 2 3
14 7 6
15 17 3
16 11 4
17 10 6
18 7 12
19 19 5
20 16 11
21 2 9
22 8 6
23 15 6
24 2 4
25 10 7
26 0 9
27 6 8
28 16 6
29 3 12
30 14 9
31 9 18
32 1 2
33 5 7
34 18 5
35 1 11
36 14 5
37 9 1
38 1 1
39 13 6
40 1 7
41 8 2
42 10 3
43 9 3
44 11 4
45 2 18
46 0 14
47 13 1
48 4 13
49 10 5
50 7 4
51 18 6
52 0 6
53 12 10
54 5 2
55 4 5
56 10 2
57 10 1
58 4 6
59 4 6
60 17 8
61 5 6
62 17 4
63 3 6
64 6 4
65 2 10
66 16 1
67 2 18
68 16 6
69 2 8
70 17 4
71 17 10
72 16 11
73 2 6
74 12 8
75 6 1
76 3 8
77 4 7
78 3 2
79 4 4
80 8 6
81 0 5
82 3 2
83 13 6
84 17 6
85 9 10
86 16 6
87 5 10
88 10 11
89 10 20
90 10 6
91 0 6
92 17 2
93 5 4
94 5 1
95 6 6
96 4 13
97 14 14
98 18 4
99 1 6
100 15 6
101 5 18
102 12 5
103 9 7
104 11 11
105 5 3
106 18 7
107 1 9
108 17 8
109 19 7
110 5 2
111 15 2
112 17 5
113 5 5
114 18 11
115 16 14
116 8 13
117 3 18
118 13 2
119 19 4
120 14 16
121 13 2
122 8 6
123 1 4
124 9 11
125 13 6
126 9 4
127 17 8
128 10 18
129 9 6
130 0 12
131 14 11
132 15 8
133 18 7
134 18 10
135 13 14
136 12 3
137 12 7
138 13 18
139 9 4
140 12 1
141 8 3
142 5 1
143 7 6
144 6 13
145 0 6
146 11 7
147 6 1
148 18 2
149 3 6
150 10 13
151 9 20
152 6 2
153 4 3
154 18 7
155 15 3
156 5 18
157 17 6
158 15 3
159 7 3
160 4 6
161 12 6
162 6 11
163 17 11
164 12 5
165 7 6
166 12 3
167 8 4
168 16 2
169 6 14
170 2 13
171 8 1
172 15 10
173 11 12
174 8 6
175 18 4
176 6 4
177 11 5
178 2 18
179 0 6
180 12 10
181 3 6
182 0 14
183 4 2
184 7 2
185 10 5
186 10 6
187 11 6
188 5 3
ORS: day OR start end
0 0 0 32
0 1 0 32
0 2 0 32
0 3 0 32
1 0 0 32
1 1 0 32
1 2 0 32
1 3 0 32
2 0 0 32
2 1 0 32
2 2 0 32
2 3 0 32
3 0 0 32
3 1 0 32
3 2 0 32
3 3 0 32
4 0 0 32
4 1 0 32
4 2 0 32
4 3 0 32
start times:
0 8 16 24
end times:
8 16 24 32
load:
2.0140625