20 175 4 5
patients: ID surgeon priority leader_priority duration
0 15 16
1 2 5
2 3 10
3 7 7
4 2 8
5 11 6
6 5 2
7 5 2
8 10 7
9 14 5
10 4 6
11 8 6
12 8 3
13 13 6
14 8 4
15 18 6
16 2 5
17 2 6
18 15 13
19 2 4
20 10 4
21 19 15
22 8 5
23 7 16
24 5 3
25 3 2
26 8 5
27 13 16
28 13 17
29 5 1
30 12 3
31 3 5
32 14 10
33 17 4
34 2 3
35 19 18
36 13 11
37 13 6
38 16 5
39 18 6
40 5 13
41 18 4
42 19 3
43 19 5
44 1 6
45 12 10
46 16 3
47 5 4
48 2 18
49 5 3
50 18 10
51 13 3
52 10 8
53 0 5
54 6 11
55 3 2
56 1 3
57 3 10
58 11 7
59 12 2
60 3 2
61 16 6
62 19 6
63 10 10
64 4 5
65 12 3
66 12 7
67 0 1
68 5 4
69 13 11
70 13 12
71 8 6
72 16 10
73 0 6
74 10 16
75 10 7
76 19 3
77 5 16
78 19 4
79 3 4
80 14 9
81 0 2
82 1 3
83 7 16
84 9 3
85 18 5
86 15 6
87 10 9
88 14 3
89 2 9
90 2 1
91 3 8
92 4 5
93 19 7
94 7 6
95 18 6
96 5 4
97 1 11
98 14 11
99 14 11
100 9 1
101 14 11
102 11 7
103 18 4
104 10 10
105 5 13
106 13 5
107 5 3
108 12 15
109 7 5
110 11 4
111 1 14
112 8 2
113 11 2
114 1 7
115 14 2
116 5 15
117 17 1
118 0 11
119 15 6
120 19 3
121 8 3
122 10 6
123 19 3
124 15 4
125 9 6
126 17 3
127 18 2
128 18 2
129 17 2
130 17 10
131 8 2
132 18 6
133 14 3
134 7 5
135 16 16
136 5 11
137 8 3
138 19 13
139 15 6
140 19 1
141 10 4
142 9 9
143 12 9
144 0 5
145 9 4
146 16 6
147 6 4
148 5 5
149 14 11
150 1 18
151 0 6
152 17 11
153 6 10
154 5 3
155 7 3
156 16 3
157 17 6
158 7 6
159 1 1
160 14 4
161 11 9
162 3 9
163 0 10
164 1 6
165 6 10
166 4 2
167 11 6
168 10 8
169 9 10
170 0 8
171 2 10
172 12 3
173 4 1
174 5 4
ORS: day OR start end
0 0 0 32
0 1 0 32
0 2 0 32
0 3 0 32
1 0 0 32
1 1 0 32
1 2 0 32
1 3 0 32
2 0 0 32
2 1 0 32
2 2 0 32
2 3 0 32
3 0 0 32
3 1 0 32
3 2 0 32
3 3 0 32
4 0 0 32
4 1 0 32
4 2 0 32
4 3 0 32
start times:
0 8 16 24
end times:
8 16 24 32
load:
1.809375