14 55 2 5
patients: ID surgeon priority leader_priority duration
0 7 3
1 11 7
2 1 1
3 13 1
4 6 5
5 2 21
6 3 6
7 4 5
8 1 5
9 13 14
10 5 10
11 0 3
12 9 10
13 12 11
14 1 6
15 7 6
16 6 1
17 4 3
18 1 1
19 2 11
20 2 3
21 4 3
22 8 8
23 10 6
24 7 7
25 4 3
26 4 13
27 12 3
28 3 7
29 6 3
30 3 1
31 9 11
32 2 1
33 1 16
34 13 10
35 4 11
36 9 10
37 4 5
38 0 11
39 5 3
40 13 1
41 3 17
42 0 3
43 4 6
44 1 6
45 3 16
46 12 17
47 3 6
48 0 6
49 9 5
50 11 14
51 10 1
52 12 3
53 10 6
54 11 16
ORS: day OR start end
0 0 0 32
0 1 0 32
1 0 0 32
1 1 0 32
2 0 0 32
2 1 0 32
3 0 0 32
3 1 0 32
4 0 0 32
4 1 0 32
start times:
0 8 16 24
end times:
8 16 24 32
load:
1.2125