20 114 4 5
patients: ID surgeon priority leader_priority duration
0 2 5
1 15 18
2 7 7
3 2 7
4 0 14
5 19 4
6 5 3
7 17 13
8 5 5
9 19 3
10 0 4
11 4 6
12 3 6
13 15 9
14 14 3
15 11 2
16 3 6
17 16 20
18 0 16
19 10 5
20 19 3
21 15 9
22 2 7
23 13 6
24 5 1
25 5 1
26 18 10
27 8 10
28 15 3
29 15 6
30 4 5
31 16 12
32 8 5
33 16 4
34 3 5
35 14 29
36 12 3
37 19 12
38 19 6
39 1 3
40 5 2
41 15 14
42 10 6
43 5 6
44 19 3
45 12 6
46 18 5
47 9 18
48 18 3
49 3 5
50 1 2
51 12 1
52 2 2
53 18 10
54 17 1
55 15 4
56 12 4
57 5 6
58 5 3
59 8 3
60 5 3
61 13 6
62 6 6
63 7 4
64 15 4
65 15 1
66 12 3
67 1 7
68 4 1
69 3 7
70 10 12
71 10 7
72 16 9
73 19 20
74 16 7
75 13 18
76 1 6
77 8 1
78 10 7
79 11 10
80 2 11
81 7 6
82 13 16
83 17 5
84 4 1
85 11 6
86 1 6
87 17 6
88 13 3
89 6 4
90 10 6
91 12 4
92 18 10
93 18 18
94 13 3
95 8 3
96 9 7
97 18 17
98 0 7
99 17 3
100 4 2
101 1 1
102 6 6
103 12 6
104 5 13
105 10 2
106 1 7
107 2 6
108 17 5
109 13 10
110 11 2
111 11 2
112 6 3
113 12 28
ORS: day OR start end
0 0 0 32
0 1 0 32
0 2 0 32
0 3 0 32
1 0 0 32
1 1 0 32
1 2 0 32
1 3 0 32
2 0 0 32
2 1 0 32
2 2 0 32
2 3 0 32
3 0 0 32
3 1 0 32
3 2 0 32
3 3 0 32
4 0 0 32
4 1 0 32
4 2 0 32
4 3 0 32
start times:
0 8 16 24
end times:
8 16 24 32
load:
1.209375