14 96 2 5
patients: ID surgeon priority leader_priority duration
0 9 9
1 0 7
2 10 3
3 1 4
4 10 9
5 4 6
6 9 6
7 0 2
8 13 7
9 3 5
10 11 5
11 9 2
12 4 16
13 13 3
14 12 11
15 4 7
16 8 8
17 11 8
18 5 3
19 2 10
20 9 13
21 7 7
22 8 1
23 1 1
24 10 6
25 5 7
26 11 2
27 10 6
28 2 12
29 1 3
30 1 7
31 11 10
32 11 2
33 12 12
34 6 4
35 1 6
36 9 8
37 5 4
38 1 3
39 7 4
40 2 3
41 2 2
42 1 3
43 0 13
44 5 5
45 3 8
46 12 7
47 4 5
48 1 4
49 2 1
50 8 3
51 11 7
52 9 3
53 7 2
54 2 5
55 8 3
56 10 4
57 2 6
58 12 4
59 0 3
60 9 4
61 3 4
62 11 4
63 6 5
64 10 10
65 3 3
66 7 6
67 6 18
68 7 13
69 3 16
70 8 7
71 8 4
72 1 1
73 10 11
74 12 1
75 13 7
76 12 4
77 13 1
78 7 4
79 5 1
80 2 3
81 3 8
82 11 4
83 13 6
84 0 1
85 3 3
86 5 18
87 7 10
88 13 6
89 8 6
90 11 10
91 4 2
92 10 1
93 3 16
94 11 4
95 8 11
ORS: day OR start end
0 0 0 32
0 1 0 32
1 0 0 32
1 1 0 32
2 0 0 32
2 1 0 32
3 0 0 32
3 1 0 32
4 0 0 32
4 1 0 32
start times:
0 8 16 24
end times:
8 16 24 32
load:
1.790625