14 73 2 5
patients: ID surgeon priority leader_priority duration
0 13 5
1 2 3
2 4 3
3 5 6
4 13 2
5 10 10
6 6 4
7 10 1
8 8 18
9 1 3
10 10 3
11 3 3
12 0 5
13 6 7
14 5 6
15 11 3
16 8 3
17 4 7
18 13 4
19 5 4
20 8 6
21 0 4
22 9 15
23 1 12
24 10 10
25 9 3
26 0 5
27 12 2
28 5 5
29 9 5
30 4 14
31 5 20
32 6 10
33 1 11
34 12 7
35 3 3
36 5 2
37 12 18
38 2 3
39 5 3
40 12 1
41 6 6
42 8 7
43 6 1
44 5 1
45 9 7
46 10 10
47 0 10
48 12 5
49 13 5
50 2 4
51 5 3
52 6 15
53 4 7
54 8 11
55 7 3
56 12 3
57 6 1
58 13 7
59 4 13
60 13 14
61 0 3
62 7 14
63 6 6
64 5 3
65 6 10
66 7 5
67 2 30
68 0 8
69 1 4
70 5 2
71 4 1
72 12 1
ORS: day OR start end
0 0 0 32
0 1 0 32
1 0 0 32
1 1 0 32
2 0 0 32
2 1 0 32
3 0 0 32
3 1 0 32
4 0 0 32
4 1 0 32
start times:
0 8 16 24
end times:
8 16 24 32
load:
1.496875