20 81 2 5
patients: ID surgeon priority leader_priority duration
0 11 20
1 14 2
2 17 6
3 10 11
4 16 5
5 5 8
6 14 18
7 5 16
8 4 6
9 1 12
10 12 3
11 11 3
12 19 10
13 4 7
14 13 6
15 17 7
16 11 11
17 8 7
18 13 2
19 2 8
20 16 18
21 10 8
22 2 6
23 15 10
24 5 13
25 0 12
26 13 10
27 19 6
28 17 4
29 10 10
30 6 4
31 2 3
32 11 5
33 2 17
34 10 6
35 19 3
36 19 5
37 13 16
38 4 18
39 3 10
40 6 3
41 0 12
42 15 10
43 14 14
44 8 6
45 1 3
46 0 3
47 17 7
48 0 8
49 8 18
50 0 7
51 13 9
52 18 2
53 1 4
54 17 6
55 11 9
56 13 3
57 9 10
58 18 10
59 16 3
60 10 2
61 17 6
62 6 1
63 8 10
64 12 1
65 11 18
66 13 2
67 15 1
68 7 3
69 3 3
70 5 10
71 7 10
72 10 6
73 5 3
74 11 9
75 0 5
76 1 6
77 19 14
78 11 15
79 9 13
80 14 1
ORS: day OR start end
0 0 0 32
0 1 0 32
1 0 0 32
1 1 0 32
2 0 0 32
2 1 0 32
3 0 0 32
3 1 0 32
4 0 0 32
4 1 0 32
start times:
0 8 16 24
end times:
8 16 24 32
load:
1.99375