10 50 1 5
patients: ID surgeon priority leader_priority duration
0 9 6
1 1 10
2 8 3
3 5 7
4 8 3
5 0 10
6 7 14
7 6 1
8 5 1
9 5 1
10 5 2
11 2 6
12 6 6
13 2 18
14 2 5
15 3 10
16 5 3
17 4 1
18 1 5
19 5 10
20 4 5
21 4 11
22 7 6
23 0 4
24 4 7
25 8 2
26 9 3
27 1 14
28 2 1
29 5 13
30 2 11
31 6 5
32 2 4
33 3 4
34 9 6
35 2 14
36 3 5
37 2 10
38 9 9
39 0 10
40 8 6
41 1 12
42 2 2
43 5 6
44 2 3
45 7 18
46 2 5
47 6 3
48 6 3
49 1 1
ORS: day OR start end
0 0 0 32
1 0 0 32
2 0 0 32
3 0 0 32
4 0 0 32
start times:
0 8 16 24
end times:
8 16 24 32
load:
2.03125