12 50 1 5
patients: ID surgeon priority leader_priority duration
0 3 6
1 9 10
2 6 3
3 3 7
4 11 3
5 2 10
6 4 14
7 6 1
8 10 1
9 10 1
10 0 2
11 5 6
12 8 6
13 3 18
14 9 5
15 8 10
16 7 3
17 4 1
18 11 5
19 11 10
20 5 5
21 6 11
22 3 6
23 6 4
24 5 7
25 11 2
26 8 3
27 1 14
28 7 1
29 0 13
30 6 11
31 5 5
32 2 4
33 3 4
34 1 6
35 3 14
36 0 5
37 1 10
38 2 9
39 4 10
40 2 6
41 0 12
42 7 2
43 8 6
44 10 3
45 1 18
46 9 5
47 7 3
48 3 3
49 8 1
ORS: day OR start end
0 0 0 32
1 0 0 32
2 0 0 32
3 0 0 32
4 0 0 32
start times:
0 8 16 24
end times:
8 16 24 32
load:
2.03125