10 50 1 5
patients: ID surgeon priority leader_priority duration
0 7 6
1 3 6
2 3 6
3 1 6
4 4 1
5 5 10
6 6 4
7 9 2
8 7 6
9 4 16
10 2 4
11 6 2
12 2 7
13 9 3
14 8 6
15 5 6
16 4 18
17 5 6
18 2 8
19 6 6
20 9 7
21 4 3
22 6 5
23 3 7
24 0 7
25 2 5
26 2 3
27 7 8
28 6 3
29 4 5
30 6 6
31 8 1
32 8 8
33 7 12
34 4 6
35 3 18
36 1 3
37 3 3
38 0 6
39 5 10
40 7 4
41 8 5
42 2 4
43 7 4
44 0 8
45 5 3
46 6 2
47 7 1
48 5 1
49 5 2
ORS: day OR start end
0 0 0 32
1 0 0 32
2 0 0 32
3 0 0 32
4 0 0 32
start times:
0 8 16 24
end times:
8 16 24 32
load:
1.80625