14 50 1 5
patients: ID surgeon priority leader_priority duration
0 5 6
1 11 10
2 11 3
3 12 7
4 9 3
5 8 10
6 2 14
7 3 1
8 1 1
9 2 1
10 5 2
11 8 6
12 3 6
13 4 18
14 1 5
15 10 10
16 0 3
17 12 1
18 6 5
19 12 10
20 9 5
21 12 11
22 9 6
23 11 4
24 2 7
25 8 2
26 8 3
27 1 14
28 1 1
29 4 13
30 6 11
31 7 5
32 5 4
33 7 4
34 12 6
35 8 14
36 12 5
37 0 10
38 13 9
39 5 10
40 10 6
41 12 12
42 12 2
43 2 6
44 1 3
45 7 18
46 0 5
47 3 3
48 5 3
49 1 1
ORS: day OR start end
0 0 0 32
1 0 0 32
2 0 0 32
3 0 0 32
4 0 0 32
start times:
0 8 16 24
end times:
8 16 24 32
load:
2.03125