20 163 4 5
patients: ID surgeon priority leader_priority duration
0 15 5
1 18 1
2 1 6
3 6 6
4 16 11
5 9 11
6 8 8
7 14 3
8 9 10
9 15 9
10 17 18
11 13 6
12 12 5
13 16 20
14 10 6
15 7 6
16 7 15
17 13 2
18 14 2
19 7 15
20 16 10
21 8 3
22 5 3
23 6 8
24 6 11
25 14 8
26 5 3
27 4 5
28 17 2
29 4 3
30 15 8
31 5 14
32 6 6
33 1 4
34 14 4
35 13 7
36 5 4
37 1 18
38 15 3
39 1 2
40 8 6
41 3 2
42 0 4
43 2 1
44 1 1
45 1 14
46 0 16
47 6 18
48 7 5
49 16 13
50 19 2
51 18 16
52 12 11
53 16 3
54 9 2
55 14 9
56 12 5
57 19 16
58 2 2
59 3 6
60 13 4
61 7 2
62 1 16
63 1 3
64 10 10
65 2 6
66 8 3
67 4 10
68 12 3
69 4 2
70 14 3
71 3 3
72 10 9
73 0 13
74 17 4
75 0 3
76 19 6
77 14 6
78 19 4
79 14 1
80 2 6
81 4 4
82 8 10
83 16 5
84 5 10
85 4 2
86 16 3
87 0 10
88 8 7
89 13 13
90 16 12
91 6 8
92 5 10
93 5 13
94 13 3
95 5 1
96 3 17
97 7 9
98 0 6
99 17 16
100 2 9
101 9 3
102 17 14
103 19 16
104 9 3
105 7 7
106 7 14
107 0 4
108 6 3
109 18 12
110 10 14
111 18 13
112 8 7
113 16 16
114 12 1
115 10 4
116 8 6
117 1 6
118 11 2
119 11 4
120 6 16
121 12 3
122 1 6
123 6 8
124 10 10
125 5 3
126 18 5
127 8 6
128 2 14
129 2 2
130 14 3
131 19 5
132 18 14
133 7 10
134 17 11
135 5 2
136 5 2
137 18 3
138 16 3
139 13 3
140 0 3
141 4 19
142 12 18
143 1 3
144 17 7
145 0 4
146 19 10
147 12 7
148 9 3
149 8 6
150 1 16
151 16 6
152 19 3
153 10 14
154 4 6
155 16 3
156 0 1
157 4 2
158 19 7
159 14 5
160 7 5
161 14 2
162 16 1
ORS: day OR start end
0 0 0 32
0 1 0 32
0 2 0 32
0 3 0 32
1 0 0 32
1 1 0 32
1 2 0 32
1 3 0 32
2 0 0 32
2 1 0 32
2 2 0 32
2 3 0 32
3 0 0 32
3 1 0 32
3 2 0 32
3 3 0 32
4 0 0 32
4 1 0 32
4 2 0 32
4 3 0 32
start times:
0 8 16 24
end times:
8 16 24 32
load:
1.8078125