20 112 4 5
patients: ID surgeon priority leader_priority duration
0 4 1
1 16 12
2 14 2
3 10 5
4 6 7
5 14 6
6 11 10
7 13 2
8 9 4
9 8 16
10 1 3
11 3 9
12 10 13
13 2 5
14 14 14
15 10 6
16 5 6
17 12 5
18 3 15
19 12 5
20 9 3
21 5 5
22 8 4
23 6 6
24 7 3
25 15 2
26 16 6
27 17 2
28 10 10
29 11 16
30 1 3
31 10 10
32 18 7
33 14 14
34 6 6
35 14 9
36 2 17
37 16 8
38 9 10
39 6 6
40 19 6
41 8 7
42 16 3
43 9 7
44 2 6
45 11 4
46 0 3
47 11 1
48 2 6
49 11 6
50 6 7
51 5 6
52 11 8
53 1 5
54 16 6
55 9 6
56 6 16
57 3 7
58 18 2
59 8 10
60 8 5
61 11 18
62 10 6
63 3 6
64 5 3
65 2 13
66 1 8
67 15 14
68 7 12
69 16 3
70 12 7
71 8 14
72 13 6
73 8 3
74 10 4
75 19 11
76 12 6
77 10 1
78 9 5
79 1 6
80 11 8
81 4 4
82 12 8
83 12 3
84 18 6
85 15 5
86 9 4
87 18 6
88 2 1
89 13 6
90 6 3
91 9 4
92 2 4
93 8 6
94 10 16
95 2 16
96 4 6
97 9 6
98 3 10
99 7 1
100 15 4
101 11 4
102 10 2
103 10 1
104 8 13
105 1 12
106 7 2
107 2 10
108 0 18
109 18 3
110 8 5
111 10 7
ORS: day OR start end
0 0 0 32
0 1 0 32
0 2 0 32
0 3 0 32
1 0 0 32
1 1 0 32
1 2 0 32
1 3 0 32
2 0 0 32
2 1 0 32
2 2 0 32
2 3 0 32
3 0 0 32
3 1 0 32
3 2 0 32
3 3 0 32
4 0 0 32
4 1 0 32
4 2 0 32
4 3 0 32
start times:
0 8 16 24
end times:
8 16 24 32
load:
1.203125