14 76 2 5
patients: ID surgeon priority leader_priority duration
0 12 4
1 6 3
2 6 16
3 11 10
4 2 14
5 12 7
6 13 7
7 1 3
8 13 3
9 11 10
10 6 6
11 8 7
12 11 6
13 8 5
14 2 6
15 1 2
16 7 6
17 8 11
18 4 9
19 0 6
20 5 17
21 9 5
22 0 5
23 11 16
24 2 2
25 5 1
26 4 13
27 9 7
28 8 1
29 6 8
30 2 2
31 11 2
32 2 4
33 7 10
34 2 2
35 11 6
36 10 11
37 4 5
38 10 6
39 9 5
40 6 2
41 5 5
42 3 11
43 0 13
44 0 7
45 6 18
46 6 3
47 10 6
48 13 13
49 10 6
50 0 1
51 5 1
52 6 4
53 1 6
54 6 18
55 9 5
56 0 13
57 4 7
58 3 12
59 3 24
60 7 11
61 12 3
62 0 16
63 3 5
64 12 6
65 10 7
66 4 7
67 3 4
68 5 18
69 5 7
70 11 7
71 4 4
72 1 6
73 1 5
74 5 18
75 3 6
ORS: day OR start end
0 0 0 32
0 1 0 32
1 0 0 32
1 1 0 32
2 0 0 32
2 1 0 32
3 0 0 32
3 1 0 32
4 0 0 32
4 1 0 32
start times:
0 8 16 24
end times:
8 16 24 32
load:
1.79375