14 60 2 5
patients: ID surgeon priority leader_priority duration
0 4 4
1 2 4
2 7 3
3 2 11
4 8 5
5 7 2
6 10 5
7 8 18
8 10 6
9 3 16
10 1 5
11 0 3
12 12 11
13 0 14
14 0 3
15 7 6
16 4 12
17 13 1
18 0 4
19 7 1
20 6 17
21 13 6
22 6 3
23 2 7
24 6 3
25 2 1
26 1 6
27 4 15
28 9 15
29 13 6
30 3 1
31 4 2
32 11 7
33 4 7
34 12 4
35 1 5
36 13 3
37 10 16
38 2 5
39 9 2
40 10 3
41 9 3
42 1 16
43 7 6
44 1 3
45 8 6
46 10 4
47 4 6
48 1 1
49 2 6
50 13 6
51 9 6
52 5 3
53 10 4
54 0 5
55 0 6
56 9 4
57 9 10
58 5 10
59 1 18
ORS: day OR start end
0 0 0 32
0 1 0 32
1 0 0 32
1 1 0 32
2 0 0 32
2 1 0 32
3 0 0 32
3 1 0 32
4 0 0 32
4 1 0 32
start times:
0 8 16 24
end times:
8 16 24 32
load:
1.221875