20 189 4 5
patients: ID surgeon priority leader_priority duration
0 12 11
1 13 6
2 1 1
3 7 10
4 15 11
5 14 1
6 6 6
7 11 3
8 6 5
9 0 6
10 12 7
11 11 5
12 15 16
13 1 3
14 15 10
15 10 4
16 3 24
17 1 6
18 2 1
19 18 3
20 0 11
21 1 10
22 16 4
23 14 5
24 8 4
25 16 6
26 2 1
27 9 3
28 15 11
29 14 5
30 7 1
31 8 11
32 1 2
33 7 14
34 16 3
35 11 9
36 14 12
37 7 6
38 18 5
39 7 6
40 16 6
41 1 1
42 9 6
43 14 6
44 9 3
45 17 6
46 14 5
47 19 1
48 10 9
49 0 6
50 5 3
51 14 6
52 1 3
53 5 6
54 13 5
55 2 10
56 16 3
57 15 1
58 1 1
59 9 6
60 5 10
61 13 6
62 18 7
63 18 14
64 4 6
65 7 7
66 17 1
67 12 16
68 12 6
69 9 3
70 16 10
71 0 1
72 8 6
73 8 9
74 0 11
75 17 6
76 18 6
77 11 6
78 10 3
79 0 20
80 7 10
81 13 3
82 18 2
83 13 1
84 18 6
85 16 3
86 16 3
87 15 1
88 4 6
89 1 1
90 17 1
91 13 11
92 3 13
93 18 23
94 12 8
95 16 5
96 10 14
97 4 3
98 1 5
99 8 6
100 15 10
101 19 2
102 9 2
103 3 4
104 7 14
105 13 1
106 15 2
107 1 5
108 9 7
109 12 3
110 3 3
111 10 7
112 12 24
113 2 6
114 17 3
115 0 6
116 9 2
117 17 4
118 15 3
119 6 2
120 2 11
121 9 2
122 1 1
123 1 11
124 19 10
125 12 4
126 11 7
127 4 15
128 11 11
129 16 7
130 17 6
131 15 5
132 5 9
133 14 7
134 10 5
135 11 1
136 10 2
137 14 10
138 11 6
139 10 14
140 18 16
141 2 6
142 3 2
143 7 1
144 16 4
145 0 1
146 7 3
147 12 10
148 6 2
149 14 7
150 1 3
151 16 6
152 5 5
153 8 15
154 9 12
155 8 18
156 6 10
157 15 7
158 7 3
159 0 6
160 3 1
161 12 16
162 5 4
163 17 15
164 10 6
165 2 18
166 8 16
167 17 18
168 7 23
169 17 1
170 14 3
171 0 13
172 18 7
173 15 10
174 4 7
175 14 12
176 7 18
177 1 6
178 6 13
179 18 5
180 4 1
181 10 4
182 2 6
183 15 3
184 17 11
185 11 6
186 0 4
187 9 12
188 11 1
ORS: day OR start end
0 0 0 32
0 1 0 32
0 2 0 32
0 3 0 32
1 0 0 32
1 1 0 32
1 2 0 32
1 3 0 32
2 0 0 32
2 1 0 32
2 2 0 32
2 3 0 32
3 0 0 32
3 1 0 32
3 2 0 32
3 3 0 32
4 0 0 32
4 1 0 32
4 2 0 32
4 3 0 32
start times:
0 8 16 24
end times:
8 16 24 32
load:
2.0171875