12 114 2 5
patients: ID surgeon priority leader_priority duration
0 3 11
1 0 16
2 1 6
3 1 10
4 6 14
5 7 3
6 2 2
7 11 3
8 3 4
9 10 10
10 8 3
11 6 8
12 6 5
13 3 7
14 2 3
15 3 15
16 3 4
17 8 1
18 3 4
19 8 11
20 11 5
21 6 5
22 11 6
23 8 3
24 9 4
25 5 5
26 11 5
27 8 2
28 3 6
29 0 5
30 2 5
31 0 8
32 4 10
33 11 1
34 4 5
35 2 7
36 4 10
37 8 13
38 9 2
39 9 3
40 5 2
41 10 10
42 2 2
43 11 5
44 3 6
45 6 17
46 9 6
47 10 13
48 11 3
49 4 22
50 1 10
51 2 8
52 9 6
53 11 10
54 0 3
55 5 6
56 4 11
57 4 22
58 2 13
59 2 12
60 2 6
61 1 4
62 11 18
63 8 2
64 0 2
65 3 5
66 4 3
67 5 2
68 0 16
69 5 2
70 3 13
71 2 10
72 0 10
73 5 8
74 4 7
75 4 8
76 9 5
77 4 4
78 5 2
79 10 3
80 5 5
81 8 4
82 2 14
83 6 4
84 3 7
85 3 11
86 11 6
87 10 7
88 9 11
89 1 6
90 8 10
91 2 6
92 9 1
93 8 6
94 8 14
95 5 6
96 6 5
97 6 5
98 0 11
99 5 4
100 2 1
101 5 6
102 9 3
103 5 6
104 2 3
105 8 18
106 3 11
107 7 3
108 0 18
109 3 18
110 9 6
111 8 6
112 5 13
113 8 16
ORS: day OR start end
0 0 0 32
0 1 0 32
1 0 0 32
1 1 0 32
2 0 0 32
2 1 0 32
3 0 0 32
3 1 0 32
4 0 0 32
4 1 0 32
start times:
0 8 16 24
end times:
8 16 24 32
load:
2.61875