12 63 1 5
patients: ID surgeon priority leader_priority duration
0 10 11
1 9 1
2 2 13
3 2 3
4 7 6
5 8 6
6 8 6
7 10 1
8 9 4
9 10 14
10 1 1
11 8 6
12 4 6
13 0 12
14 6 6
15 10 2
16 6 4
17 9 12
18 7 10
19 0 1
20 0 4
21 6 12
22 8 4
23 11 7
24 8 12
25 6 5
26 7 6
27 8 6
28 6 5
29 0 4
30 9 1
31 3 1
32 1 3
33 6 13
34 4 4
35 11 4
36 0 2
37 3 2
38 10 4
39 3 7
40 6 10
41 5 2
42 8 1
43 11 18
44 10 10
45 0 13
46 11 7
47 5 10
48 2 3
49 11 3
50 2 18
51 8 7
52 2 6
53 11 10
54 0 6
55 11 10
56 9 11
57 8 1
58 4 13
59 10 4
60 9 6
61 1 2
62 2 13
ORS: day OR start end
0 0 0 32
1 0 0 32
2 0 0 32
3 0 0 32
4 0 0 32
start times:
0 8 16 24
end times:
8 16 24 32
load:
2.59375