10 63 1 5
patients: ID surgeon priority leader_priority duration
0 8 11
1 6 1
2 6 13
3 2 3
4 9 6
5 6 6
6 1 6
7 7 1
8 0 4
9 3 14
10 5 1
11 9 6
12 9 6
13 2 12
14 9 6
15 6 2
16 4 4
17 0 12
18 2 10
19 4 1
20 2 4
21 3 12
22 6 4
23 1 7
24 6 12
25 5 5
26 8 6
27 1 6
28 1 5
29 2 4
30 5 1
31 0 1
32 1 3
33 9 13
34 7 4
35 6 4
36 9 2
37 1 2
38 3 4
39 7 7
40 5 10
41 6 2
42 9 1
43 5 18
44 2 10
45 1 13
46 3 7
47 0 10
48 8 3
49 9 3
50 1 18
51 9 7
52 4 6
53 3 10
54 4 6
55 4 10
56 3 11
57 3 1
58 5 13
59 2 4
60 9 6
61 8 2
62 2 13
ORS: day OR start end
0 0 0 32
1 0 0 32
2 0 0 32
3 0 0 32
4 0 0 32
start times:
0 8 16 24
end times:
8 16 24 32
load:
2.59375