12 49 1 5
patients: ID surgeon priority leader_priority duration
0 4 3
1 3 3
2 1 6
3 4 1
4 7 14
5 2 5
6 5 10
7 0 4
8 2 12
9 1 14
10 5 2
11 5 18
12 0 10
13 0 13
14 4 6
15 9 3
16 8 5
17 11 6
18 10 4
19 8 14
20 8 3
21 2 5
22 10 7
23 7 14
24 4 17
25 4 4
26 10 15
27 11 5
28 10 8
29 9 2
30 6 3
31 1 6
32 3 7
33 5 7
34 2 1
35 11 7
36 11 3
37 2 4
38 4 14
39 6 10
40 2 14
41 1 3
42 0 2
43 3 14
44 7 1
45 8 3
46 9 2
47 2 9
48 5 11
ORS: day OR start end
0 0 0 32
1 0 0 32
2 0 0 32
3 0 0 32
4 0 0 32
start times:
0 8 16 24
end times:
8 16 24 32
load:
2.2125