10 49 1 5
patients: ID surgeon priority leader_priority duration
0 1 3
1 9 3
2 1 6
3 0 1
4 3 14
5 1 5
6 7 10
7 8 4
8 5 12
9 0 14
10 1 2
11 4 18
12 8 10
13 4 13
14 1 6
15 5 3
16 4 5
17 1 6
18 0 4
19 1 14
20 4 3
21 6 5
22 6 7
23 3 14
24 8 17
25 6 4
26 8 15
27 0 5
28 4 8
29 2 2
30 1 3
31 1 6
32 9 7
33 6 7
34 6 1
35 1 7
36 1 3
37 7 4
38 6 14
39 4 10
40 1 14
41 6 3
42 2 2
43 7 14
44 6 1
45 8 3
46 8 2
47 2 9
48 6 11
ORS: day OR start end
0 0 0 32
1 0 0 32
2 0 0 32
3 0 0 32
4 0 0 32
start times:
0 8 16 24
end times:
8 16 24 32
load:
2.2125