14 49 1 5
patients: ID surgeon priority leader_priority duration
0 2 3
1 0 3
2 0 6
3 5 1
4 8 14
5 5 5
6 7 10
7 4 4
8 4 12
9 13 14
10 3 2
11 4 18
12 5 10
13 2 13
14 9 6
15 4 3
16 5 5
17 2 6
18 4 4
19 7 14
20 8 3
21 10 5
22 8 7
23 3 14
24 9 17
25 4 4
26 10 15
27 1 5
28 4 8
29 6 2
30 1 3
31 13 6
32 3 7
33 8 7
34 8 1
35 7 7
36 4 3
37 9 4
38 1 14
39 13 10
40 3 14
41 2 3
42 7 2
43 2 14
44 10 1
45 9 3
46 6 2
47 13 9
48 11 11
ORS: day OR start end
0 0 0 32
1 0 0 32
2 0 0 32
3 0 0 32
4 0 0 32
start times:
0 8 16 24
end times:
8 16 24 32
load:
2.2125