14 63 1 5
patients: ID surgeon priority leader_priority duration
0 1 11
1 13 1
2 6 13
3 11 3
4 8 6
5 4 6
6 8 6
7 9 1
8 4 4
9 5 14
10 2 1
11 13 6
12 5 6
13 2 12
14 4 6
15 5 2
16 11 4
17 8 12
18 2 10
19 5 1
20 7 4
21 11 12
22 6 4
23 2 7
24 4 12
25 10 5
26 2 6
27 3 6
28 11 5
29 12 4
30 2 1
31 13 1
32 0 3
33 2 13
34 4 4
35 5 4
36 8 2
37 3 2
38 9 4
39 2 7
40 9 10
41 6 2
42 13 1
43 9 18
44 1 10
45 0 13
46 12 7
47 4 10
48 4 3
49 7 3
50 8 18
51 13 7
52 1 6
53 1 10
54 6 6
55 2 10
56 7 11
57 9 1
58 4 13
59 0 4
60 7 6
61 10 2
62 13 13
ORS: day OR start end
0 0 0 32
1 0 0 32
2 0 0 32
3 0 0 32
4 0 0 32
start times:
0 8 16 24
end times:
8 16 24 32
load:
2.59375