20 176 4 5
patients: ID surgeon priority leader_priority duration
0 14 18
1 17 7
2 15 6
3 18 6
4 12 3
5 17 1
6 18 1
7 6 3
8 1 1
9 1 11
10 2 7
11 15 3
12 8 4
13 8 3
14 4 6
15 3 3
16 0 10
17 12 6
18 1 11
19 18 2
20 19 6
21 3 3
22 4 6
23 0 6
24 16 7
25 1 2
26 16 18
27 17 27
28 6 5
29 19 6
30 18 7
31 8 3
32 1 7
33 7 15
34 9 11
35 6 10
36 0 6
37 15 14
38 12 7
39 2 4
40 19 2
41 6 11
42 14 2
43 2 2
44 14 7
45 7 6
46 18 10
47 6 3
48 17 4
49 13 4
50 11 13
51 17 7
52 5 5
53 8 4
54 9 4
55 8 6
56 11 7
57 16 5
58 10 10
59 11 12
60 6 1
61 14 14
62 12 5
63 19 2
64 16 7
65 10 6
66 13 6
67 2 13
68 15 4
69 15 9
70 11 2
71 3 7
72 5 11
73 10 6
74 9 1
75 12 4
76 17 3
77 7 13
78 5 9
79 11 12
80 14 3
81 8 4
82 4 2
83 11 3
84 8 2
85 18 1
86 18 11
87 5 3
88 3 4
89 5 3
90 12 8
91 0 4
92 18 8
93 7 1
94 19 3
95 10 5
96 14 6
97 5 3
98 4 9
99 9 3
100 1 1
101 4 18
102 0 6
103 5 3
104 15 7
105 5 8
106 18 1
107 11 16
108 19 10
109 3 10
110 9 10
111 1 18
112 10 5
113 15 2
114 18 7
115 14 5
116 4 3
117 9 1
118 5 13
119 5 2
120 6 10
121 8 6
122 13 1
123 2 5
124 16 3
125 13 3
126 16 6
127 13 4
128 4 11
129 18 13
130 10 1
131 2 5
132 15 6
133 10 11
134 10 3
135 10 3
136 19 3
137 4 20
138 7 12
139 6 7
140 3 10
141 14 20
142 0 7
143 17 14
144 18 5
145 9 3
146 16 10
147 0 3
148 1 3
149 5 11
150 6 2
151 12 16
152 17 1
153 8 10
154 15 16
155 9 4
156 10 6
157 13 10
158 14 7
159 10 2
160 1 2
161 18 3
162 0 11
163 8 2
164 3 6
165 5 5
166 4 3
167 18 25
168 9 6
169 2 3
170 3 3
171 14 10
172 18 4
173 1 1
174 10 7
175 19 5
ORS: day OR start end
0 0 0 32
0 1 0 32
0 2 0 32
0 3 0 32
1 0 0 32
1 1 0 32
1 2 0 32
1 3 0 32
2 0 0 32
2 1 0 32
2 2 0 32
2 3 0 32
3 0 0 32
3 1 0 32
3 2 0 32
3 3 0 32
4 0 0 32
4 1 0 32
4 2 0 32
4 3 0 32
start times:
0 8 16 24
end times:
8 16 24 32
load:
1.815625