10 114 2 5
patients: ID surgeon priority leader_priority duration
0 0 11
1 7 16
2 0 6
3 4 10
4 5 14
5 5 3
6 9 2
7 4 3
8 6 4
9 1 10
10 0 3
11 0 8
12 0 5
13 6 7
14 9 3
15 2 15
16 8 4
17 5 1
18 8 4
19 1 11
20 2 5
21 9 5
22 2 6
23 2 3
24 2 4
25 8 5
26 2 5
27 5 2
28 6 6
29 9 5
30 2 5
31 7 8
32 7 10
33 5 1
34 9 5
35 0 7
36 9 10
37 4 13
38 1 2
39 3 3
40 1 2
41 7 10
42 1 2
43 5 5
44 7 6
45 2 17
46 8 6
47 7 13
48 6 3
49 6 22
50 9 10
51 4 8
52 7 6
53 4 10
54 9 3
55 7 6
56 8 11
57 4 22
58 8 13
59 5 12
60 7 6
61 8 4
62 2 18
63 1 2
64 4 2
65 2 5
66 3 3
67 0 2
68 1 16
69 3 2
70 9 13
71 3 10
72 6 10
73 3 8
74 1 7
75 5 8
76 3 5
77 5 4
78 3 2
79 7 3
80 1 5
81 5 4
82 8 14
83 5 4
84 4 7
85 7 11
86 6 6
87 5 7
88 5 11
89 2 6
90 6 10
91 7 6
92 3 1
93 8 6
94 9 14
95 3 6
96 3 5
97 9 5
98 4 11
99 5 4
100 8 1
101 1 6
102 8 3
103 6 6
104 1 3
105 9 18
106 9 11
107 2 3
108 6 18
109 2 18
110 0 6
111 7 6
112 9 13
113 9 16
ORS: day OR start end
0 0 0 32
0 1 0 32
1 0 0 32
1 1 0 32
2 0 0 32
2 1 0 32
3 0 0 32
3 1 0 32
4 0 0 32
4 1 0 32
start times:
0 8 16 24
end times:
8 16 24 32
load:
2.61875