12 58 1 5
patients: ID surgeon priority leader_priority duration
0 5 5
1 2 3
2 3 10
3 2 4
4 10 6
5 6 6
6 11 5
7 2 3
8 2 1
9 2 3
10 7 18
11 8 4
12 11 6
13 9 5
14 9 6
15 7 3
16 6 2
17 3 3
18 1 10
19 7 5
20 3 16
21 3 3
22 5 1
23 4 5
24 1 4
25 8 3
26 6 8
27 6 1
28 5 4
29 7 6
30 3 5
31 6 18
32 2 8
33 2 3
34 7 6
35 3 2
36 9 2
37 9 18
38 10 6
39 7 4
40 1 18
41 2 7
42 3 6
43 8 4
44 0 2
45 10 7
46 10 29
47 2 10
48 2 3
49 11 5
50 1 14
51 5 4
52 7 17
53 3 24
54 4 6
55 2 6
56 3 6
57 5 3
ORS: day OR start end
0 0 0 32
1 0 0 32
2 0 0 32
3 0 0 32
4 0 0 32
start times:
0 8 16 24
end times:
8 16 24 32
load:
2.5125