14 65 1 5
patients: ID surgeon priority leader_priority duration
0 10 4
1 0 4
2 5 6
3 3 18
4 3 3
5 3 10
6 1 5
7 7 1
8 9 14
9 12 6
10 0 1
11 9 5
12 9 5
13 6 4
14 11 4
15 6 6
16 1 5
17 6 6
18 4 1
19 4 6
20 4 13
21 7 3
22 11 11
23 11 6
24 4 1
25 9 9
26 6 4
27 13 2
28 4 7
29 7 7
30 11 7
31 11 5
32 5 3
33 12 5
34 7 8
35 7 2
36 11 1
37 2 1
38 9 6
39 0 14
40 8 3
41 5 3
42 6 1
43 6 15
44 1 6
45 2 1
46 5 7
47 12 8
48 0 18
49 2 12
50 2 5
51 0 10
52 3 4
53 9 5
54 6 3
55 5 11
56 11 12
57 11 2
58 11 1
59 4 6
60 12 3
61 12 7
62 13 1
63 7 5
64 2 1
ORS: day OR start end
0 0 0 32
1 0 0 32
2 0 0 32
3 0 0 32
4 0 0 32
start times:
0 8 16 24
end times:
8 16 24 32
load:
2.36875