20 97 2 5
patients: ID surgeon priority leader_priority duration
0 17 4
1 10 6
2 12 4
3 5 1
4 9 11
5 0 10
6 9 7
7 16 4
8 9 4
9 11 14
10 13 6
11 19 6
12 4 6
13 9 11
14 16 5
15 17 3
16 10 6
17 7 2
18 18 10
19 10 12
20 8 11
21 19 3
22 18 2
23 11 2
24 10 8
25 0 5
26 11 2
27 11 5
28 1 3
29 3 2
30 18 2
31 13 14
32 12 3
33 12 3
34 15 15
35 4 3
36 17 3
37 9 9
38 10 10
39 8 6
40 8 7
41 16 6
42 16 18
43 19 13
44 10 6
45 6 18
46 0 9
47 9 2
48 1 3
49 13 6
50 19 4
51 18 5
52 18 18
53 4 9
54 6 5
55 0 6
56 2 5
57 12 4
58 17 6
59 1 5
60 3 8
61 13 6
62 13 4
63 13 2
64 5 3
65 17 6
66 11 4
67 13 5
68 12 6
69 7 3
70 5 12
71 16 6
72 7 11
73 1 9
74 12 3
75 8 4
76 18 5
77 13 3
78 13 11
79 14 5
80 4 2
81 8 6
82 16 6
83 1 3
84 16 18
85 1 3
86 15 10
87 8 11
88 19 10
89 5 1
90 8 6
91 3 18
92 10 9
93 11 12
94 3 1
95 16 4
96 11 10
ORS: day OR start end
0 0 0 32
0 1 0 32
1 0 0 32
1 1 0 32
2 0 0 32
2 1 0 32
3 0 0 32
3 1 0 32
4 0 0 32
4 1 0 32
start times:
0 8 16 24
end times:
8 16 24 32
load:
2.0125