8 63 1 5
patients: ID surgeon priority leader_priority duration
0 1 11
1 1 1
2 3 13
3 3 3
4 5 6
5 0 6
6 0 6
7 1 1
8 7 4
9 3 14
10 0 1
11 5 6
12 1 6
13 4 12
14 5 6
15 0 2
16 2 4
17 5 12
18 3 10
19 4 1
20 4 4
21 1 12
22 6 4
23 6 7
24 6 12
25 7 5
26 7 6
27 1 6
28 3 5
29 4 4
30 1 1
31 7 1
32 3 3
33 1 13
34 4 4
35 2 4
36 0 2
37 5 2
38 3 4
39 3 7
40 5 10
41 5 2
42 1 1
43 4 18
44 5 10
45 3 13
46 1 7
47 2 10
48 7 3
49 6 3
50 1 18
51 4 7
52 5 6
53 4 10
54 6 6
55 3 10
56 6 11
57 0 1
58 2 13
59 4 4
60 2 6
61 4 2
62 4 13
ORS: day OR start end
0 0 0 32
1 0 0 32
2 0 0 32
3 0 0 32
4 0 0 32
start times:
0 8 16 24
end times:
8 16 24 32
load:
2.59375