10 65 1 5
patients: ID surgeon priority leader_priority duration
0 0 4
1 2 4
2 2 6
3 5 18
4 3 3
5 2 10
6 0 5
7 7 1
8 8 14
9 1 6
10 9 1
11 3 5
12 3 5
13 3 4
14 2 4
15 6 6
16 5 5
17 3 6
18 2 1
19 6 6
20 7 13
21 8 3
22 6 11
23 4 6
24 2 1
25 2 9
26 2 4
27 5 2
28 2 7
29 4 7
30 6 7
31 6 5
32 2 3
33 8 5
34 3 8
35 0 2
36 6 1
37 0 1
38 5 6
39 5 14
40 5 3
41 6 3
42 9 1
43 1 15
44 9 6
45 2 1
46 7 7
47 8 8
48 9 18
49 7 12
50 7 5
51 3 10
52 1 4
53 3 5
54 9 3
55 6 11
56 5 12
57 1 2
58 4 1
59 5 6
60 2 3
61 7 7
62 5 1
63 6 5
64 1 1
ORS: day OR start end
0 0 0 32
1 0 0 32
2 0 0 32
3 0 0 32
4 0 0 32
start times:
0 8 16 24
end times:
8 16 24 32
load:
2.36875