12 65 1 5
patients: ID surgeon priority leader_priority duration
0 9 4
1 1 4
2 2 6
3 1 18
4 11 3
5 2 10
6 4 5
7 3 1
8 5 14
9 3 6
10 10 1
11 1 5
12 5 5
13 5 4
14 2 4
15 4 6
16 11 5
17 7 6
18 1 1
19 6 6
20 5 13
21 6 3
22 9 11
23 7 6
24 0 1
25 11 9
26 8 4
27 6 2
28 0 7
29 3 7
30 7 7
31 5 5
32 2 3
33 7 5
34 10 8
35 6 2
36 9 1
37 9 1
38 3 6
39 10 14
40 9 3
41 5 3
42 8 1
43 10 15
44 11 6
45 7 1
46 1 7
47 7 8
48 11 18
49 5 12
50 8 5
51 7 10
52 4 4
53 0 5
54 11 3
55 7 11
56 4 12
57 6 2
58 7 1
59 5 6
60 5 3
61 11 7
62 3 1
63 10 5
64 10 1
ORS: day OR start end
0 0 0 32
1 0 0 32
2 0 0 32
3 0 0 32
4 0 0 32
start times:
0 8 16 24
end times:
8 16 24 32
load:
2.36875