14 84 2 5
patients: ID surgeon priority leader_priority duration
0 11 3
1 7 1
2 5 4
3 13 11
4 2 14
5 7 3
6 2 4
7 0 3
8 5 4
9 11 7
10 7 14
11 7 5
12 13 17
13 1 6
14 10 5
15 3 2
16 13 3
17 6 8
18 5 3
19 11 1
20 8 1
21 9 4
22 0 1
23 12 11
24 9 12
25 13 6
26 1 1
27 2 1
28 0 9
29 1 4
30 6 4
31 12 3
32 1 4
33 8 2
34 13 6
35 12 5
36 6 2
37 7 14
38 3 5
39 4 5
40 4 3
41 13 2
42 2 6
43 7 6
44 10 14
45 9 6
46 2 3
47 7 6
48 1 4
49 5 4
50 9 6
51 0 7
52 2 2
53 1 4
54 2 18
55 6 1
56 13 8
57 6 8
58 3 2
59 12 7
60 3 1
61 10 2
62 9 5
63 5 8
64 0 5
65 8 5
66 6 6
67 8 2
68 4 12
69 2 6
70 1 6
71 12 5
72 2 13
73 13 6
74 4 13
75 5 5
76 11 3
77 4 2
78 4 2
79 9 7
80 3 2
81 7 5
82 10 14
83 7 6
ORS: day OR start end
0 0 0 32
0 1 0 32
1 0 0 32
1 1 0 32
2 0 0 32
2 1 0 32
3 0 0 32
3 1 0 32
4 0 0 32
4 1 0 32
start times:
0 8 16 24
end times:
8 16 24 32
load:
1.4875