14 48 2 5
patients: ID surgeon priority leader_priority duration
0 12 6
1 4 9
2 10 13
3 2 5
4 5 18
5 8 3
6 9 7
7 11 14
8 0 5
9 10 5
10 2 3
11 0 3
12 3 11
13 3 16
14 10 3
15 6 11
16 6 10
17 3 11
18 1 5
19 1 5
20 5 5
21 0 13
22 3 4
23 3 6
24 11 8
25 9 3
26 6 3
27 7 6
28 6 6
29 9 5
30 4 3
31 6 1
32 2 6
33 7 6
34 6 14
35 4 29
36 5 13
37 7 6
38 7 1
39 0 3
40 0 10
41 4 21
42 13 6
43 9 14
44 6 17
45 2 1
46 8 10
47 10 5
ORS: day OR start end
0 0 0 32
0 1 0 32
1 0 0 32
1 1 0 32
2 0 0 32
2 1 0 32
3 0 0 32
3 1 0 32
4 0 0 32
4 1 0 32
start times:
0 8 16 24
end times:
8 16 24 32
load:
1.2125