10 47 1 5
patients: ID surgeon priority leader_priority duration
0 8 2
1 0 8
2 6 7
3 9 7
4 4 7
5 9 2
6 4 6
7 2 1
8 4 1
9 0 4
10 2 3
11 6 9
12 4 6
13 5 20
14 6 10
15 9 3
16 9 10
17 1 1
18 7 7
19 0 18
20 7 8
21 9 5
22 0 5
23 7 8
24 3 6
25 5 3
26 2 4
27 0 8
28 1 3
29 0 1
30 5 6
31 1 16
32 4 6
33 3 6
34 2 5
35 0 3
36 7 6
37 2 5
38 7 1
39 0 8
40 9 3
41 2 3
42 9 1
43 3 7
44 4 1
45 7 18
46 7 7
ORS: day OR start end
0 0 0 32
1 0 0 32
2 0 0 32
3 0 0 32
4 0 0 32
start times:
0 8 16 24
end times:
8 16 24 32
load:
1.78125