14 96 2 5
patients: ID surgeon priority leader_priority duration
0 10 4
1 6 2
2 4 11
3 6 3
4 2 8
5 1 1
6 10 4
7 11 6
8 0 3
9 8 9
10 13 3
11 7 12
12 3 3
13 6 4
14 10 2
15 12 2
16 9 12
17 12 20
18 6 2
19 1 2
20 4 3
21 13 5
22 0 6
23 13 10
24 13 1
25 0 6
26 4 5
27 4 2
28 10 2
29 8 6
30 8 8
31 13 5
32 13 3
33 3 8
34 11 5
35 8 3
36 6 14
37 10 7
38 12 4
39 10 4
40 13 6
41 3 3
42 6 6
43 11 4
44 10 3
45 4 11
46 0 16
47 12 4
48 1 5
49 5 6
50 12 8
51 2 2
52 13 14
53 1 17
54 8 5
55 13 5
56 9 6
57 9 3
58 5 6
59 1 6
60 6 1
61 10 3
62 3 13
63 7 6
64 6 18
65 6 6
66 7 5
67 7 2
68 3 3
69 0 2
70 12 6
71 1 6
72 8 8
73 7 12
74 9 3
75 10 5
76 12 15
77 2 5
78 4 16
79 4 1
80 11 2
81 5 1
82 12 3
83 4 1
84 4 6
85 13 11
86 5 7
87 6 5
88 11 4
89 10 3
90 2 6
91 2 10
92 11 7
93 11 13
94 2 1
95 11 1
ORS: day OR start end
0 0 0 32
0 1 0 32
1 0 0 32
1 1 0 32
2 0 0 32
2 1 0 32
3 0 0 32
3 1 0 32
4 0 0 32
4 1 0 32
start times:
0 8 16 24
end times:
8 16 24 32
load:
1.790625