12 57 1 5
patients: ID surgeon priority leader_priority duration
0 5 3
1 5 1
2 2 6
3 2 6
4 7 8
5 2 3
6 3 16
7 5 8
8 2 6
9 0 15
10 7 4
11 1 10
12 6 10
13 9 22
14 2 6
15 4 12
16 9 12
17 1 27
18 11 10
19 6 6
20 2 9
21 6 4
22 3 15
23 5 13
24 7 17
25 10 7
26 7 6
27 0 6
28 5 6
29 5 2
30 7 5
31 9 4
32 11 6
33 4 4
34 9 14
35 8 6
36 1 6
37 9 5
38 0 4
39 2 3
40 6 6
41 2 6
42 6 4
43 9 3
44 4 6
45 4 6
46 11 4
47 5 2
48 11 4
49 3 2
50 4 3
51 8 3
52 8 1
53 8 10
54 5 1
55 2 3
56 3 6
ORS: day OR start end
0 0 0 32
1 0 0 32
2 0 0 32
3 0 0 32
4 0 0 32
start times:
0 8 16 24
end times:
8 16 24 32
load:
2.51875