20 180 4 5
patients: ID surgeon priority leader_priority duration
0 2 9
1 11 4
2 7 1
3 8 6
4 16 6
5 3 6
6 2 5
7 4 10
8 1 3
9 12 7
10 4 10
11 16 6
12 4 5
13 8 3
14 8 1
15 0 11
16 17 4
17 8 2
18 14 6
19 19 14
20 8 8
21 19 5
22 16 6
23 19 3
24 12 3
25 8 2
26 6 18
27 14 6
28 3 18
29 15 11
30 4 6
31 19 6
32 13 1
33 10 10
34 0 6
35 12 13
36 7 6
37 12 5
38 10 3
39 2 6
40 18 5
41 4 1
42 1 14
43 1 1
44 10 6
45 7 9
46 4 3
47 8 7
48 5 7
49 6 3
50 3 14
51 14 2
52 7 6
53 4 2
54 17 5
55 3 18
56 18 7
57 15 6
58 12 7
59 7 4
60 12 7
61 7 7
62 0 8
63 4 2
64 1 4
65 3 3
66 0 5
67 17 3
68 4 11
69 0 14
70 3 5
71 11 6
72 19 6
73 14 6
74 19 3
75 19 3
76 11 3
77 16 5
78 11 5
79 16 11
80 4 15
81 6 1
82 18 1
83 17 6
84 14 5
85 2 3
86 16 4
87 2 2
88 0 2
89 15 15
90 8 6
91 1 2
92 16 2
93 9 2
94 19 1
95 1 3
96 15 1
97 0 14
98 11 6
99 7 6
100 12 7
101 0 8
102 13 10
103 18 6
104 19 5
105 5 6
106 3 5
107 10 3
108 0 10
109 11 1
110 5 2
111 5 15
112 8 3
113 10 3
114 6 9
115 18 3
116 0 5
117 0 3
118 13 4
119 7 3
120 11 9
121 18 6
122 16 6
123 12 2
124 18 1
125 10 6
126 7 6
127 3 2
128 9 6
129 4 14
130 10 12
131 6 6
132 2 5
133 9 3
134 6 18
135 9 9
136 2 18
137 7 18
138 9 10
139 19 2
140 11 6
141 2 2
142 12 3
143 0 13
144 3 2
145 9 10
146 8 10
147 17 5
148 17 6
149 19 6
150 0 10
151 4 11
152 3 11
153 11 5
154 2 18
155 1 10
156 2 6
157 0 3
158 3 10
159 8 14
160 3 1
161 19 1
162 4 6
163 10 5
164 18 2
165 17 13
166 12 9
167 7 4
168 13 3
169 4 6
170 15 7
171 10 12
172 14 2
173 8 3
174 5 14
175 17 3
176 19 12
177 9 7
178 7 7
179 7 6
ORS: day OR start end
0 0 0 32
0 1 0 32
0 2 0 32
0 3 0 32
1 0 0 32
1 1 0 32
1 2 0 32
1 3 0 32
2 0 0 32
2 1 0 32
2 2 0 32
2 3 0 32
3 0 0 32
3 1 0 32
3 2 0 32
3 3 0 32
4 0 0 32
4 1 0 32
4 2 0 32
4 3 0 32
start times:
0 8 16 24
end times:
8 16 24 32
load:
1.80625