10 62 1 5
patients: ID surgeon priority leader_priority duration
0 6 6
1 4 6
2 3 6
3 5 7
4 4 2
5 1 3
6 4 11
7 0 4
8 8 14
9 3 6
10 1 3
11 5 3
12 6 2
13 1 5
14 5 4
15 6 2
16 6 3
17 4 13
18 7 7
19 1 2
20 3 7
21 6 5
22 8 6
23 0 5
24 3 4
25 2 7
26 2 4
27 7 4
28 6 7
29 9 3
30 2 4
31 5 3
32 8 5
33 0 5
34 9 7
35 9 7
36 9 7
37 0 6
38 6 2
39 0 1
40 3 13
41 9 4
42 8 13
43 0 6
44 2 6
45 1 1
46 4 1
47 9 2
48 0 2
49 3 10
50 4 8
51 7 10
52 4 1
53 8 3
54 7 3
55 9 3
56 9 3
57 2 3
58 1 13
59 1 7
60 9 1
61 2 4
ORS: day OR start end
0 0 0 32
1 0 0 32
2 0 0 32
3 0 0 32
4 0 0 32
start times:
0 8 16 24
end times:
8 16 24 32
load:
2.03125