14 62 1 5
patients: ID surgeon priority leader_priority duration
0 10 6
1 1 6
2 9 6
3 11 7
4 12 2
5 7 3
6 7 11
7 1 4
8 12 14
9 13 6
10 10 3
11 9 3
12 1 2
13 9 5
14 0 4
15 13 2
16 6 3
17 13 13
18 4 7
19 11 2
20 6 7
21 2 5
22 3 6
23 13 5
24 7 4
25 3 7
26 8 4
27 3 4
28 3 7
29 9 3
30 10 4
31 3 3
32 7 5
33 10 5
34 11 7
35 7 7
36 12 7
37 8 6
38 11 2
39 3 1
40 8 13
41 11 4
42 10 13
43 13 6
44 7 6
45 11 1
46 1 1
47 5 2
48 13 2
49 5 10
50 12 8
51 3 10
52 4 1
53 12 3
54 11 3
55 10 3
56 8 3
57 3 3
58 6 13
59 11 7
60 12 1
61 2 4
ORS: day OR start end
0 0 0 32
1 0 0 32
2 0 0 32
3 0 0 32
4 0 0 32
start times:
0 8 16 24
end times:
8 16 24 32
load:
2.03125