12 62 1 5
patients: ID surgeon priority leader_priority duration
0 8 6
1 2 6
2 9 6
3 0 7
4 9 2
5 10 3
6 3 11
7 7 4
8 3 14
9 9 6
10 5 3
11 7 3
12 5 2
13 2 5
14 7 4
15 10 2
16 4 3
17 2 13
18 5 7
19 6 2
20 3 7
21 2 5
22 3 6
23 8 5
24 11 4
25 1 7
26 1 4
27 7 4
28 1 7
29 5 3
30 5 4
31 5 3
32 5 5
33 4 5
34 5 7
35 4 7
36 2 7
37 2 6
38 4 2
39 5 1
40 10 13
41 0 4
42 7 13
43 5 6
44 7 6
45 4 1
46 2 1
47 4 2
48 3 2
49 10 10
50 8 8
51 7 10
52 11 1
53 7 3
54 9 3
55 11 3
56 4 3
57 8 3
58 1 13
59 9 7
60 0 1
61 10 4
ORS: day OR start end
0 0 0 32
1 0 0 32
2 0 0 32
3 0 0 32
4 0 0 32
start times:
0 8 16 24
end times:
8 16 24 32
load:
2.03125