12 66 1 5
patients: ID surgeon priority leader_priority duration
0 2 4
1 10 5
2 11 7
3 11 6
4 10 1
5 2 4
6 8 9
7 4 6
8 0 10
9 8 3
10 1 1
11 10 1
12 3 12
13 4 6
14 7 3
15 11 3
16 9 9
17 11 2
18 8 18
19 10 6
20 9 6
21 10 6
22 3 10
23 7 5
24 11 4
25 2 1
26 3 2
27 1 10
28 10 18
29 10 4
30 4 4
31 7 1
32 10 3
33 2 17
34 8 3
35 5 3
36 11 2
37 11 3
38 9 6
39 6 7
40 11 4
41 5 7
42 2 4
43 8 7
44 3 6
45 6 13
46 2 8
47 10 3
48 10 6
49 0 1
50 5 6
51 5 3
52 5 6
53 0 8
54 9 5
55 6 6
56 8 11
57 5 10
58 5 5
59 3 8
60 2 1
61 10 5
62 8 14
63 9 13
64 5 3
65 6 8
ORS: day OR start end
0 0 0 32
1 0 0 32
2 0 0 32
3 0 0 32
4 0 0 32
start times:
0 8 16 24
end times:
8 16 24 32
load:
2.5125