12 62 1 5
patients: ID surgeon priority leader_priority duration
0 9 10
1 2 13
2 7 5
3 1 16
4 7 6
5 5 3
6 5 6
7 5 7
8 3 3
9 2 6
10 1 6
11 11 2
12 3 3
13 10 6
14 3 6
15 7 3
16 4 3
17 1 4
18 5 8
19 10 4
20 1 6
21 10 5
22 9 3
23 2 6
24 4 5
25 7 3
26 6 2
27 7 6
28 10 5
29 5 17
30 11 6
31 6 6
32 0 17
33 0 6
34 4 1
35 4 14
36 9 10
37 10 6
38 7 4
39 8 18
40 11 11
41 5 4
42 2 10
43 4 1
44 1 3
45 6 4
46 10 10
47 0 6
48 8 5
49 2 5
50 5 4
51 3 6
52 4 7
53 7 3
54 0 13
55 8 5
56 2 8
57 4 7
58 11 10
59 7 6
60 7 6
61 11 6
ORS: day OR start end
0 0 0 32
1 0 0 32
2 0 0 32
3 0 0 32
4 0 0 32
start times:
0 8 16 24
end times:
8 16 24 32
load:
2.5375