20 195 4 5
patients: ID surgeon priority leader_priority duration
0 8 11
1 15 2
2 7 2
3 14 2
4 11 5
5 13 6
6 18 3
7 18 7
8 18 5
9 7 11
10 16 7
11 15 9
12 4 6
13 0 2
14 19 18
15 15 6
16 10 7
17 3 5
18 13 3
19 7 2
20 13 3
21 14 5
22 17 2
23 18 6
24 16 3
25 3 7
26 16 8
27 5 3
28 7 4
29 4 12
30 16 4
31 16 14
32 12 14
33 3 6
34 7 11
35 12 3
36 2 14
37 6 2
38 3 6
39 11 7
40 4 11
41 11 4
42 16 1
43 4 18
44 18 10
45 13 10
46 14 6
47 19 6
48 6 3
49 18 4
50 6 11
51 2 5
52 13 7
53 1 6
54 2 2
55 8 1
56 4 6
57 18 2
58 0 7
59 13 3
60 9 5
61 8 9
62 19 1
63 9 7
64 10 6
65 13 6
66 16 10
67 18 6
68 1 10
69 0 1
70 5 6
71 9 10
72 11 6
73 19 5
74 3 14
75 11 10
76 12 2
77 14 13
78 13 4
79 1 16
80 2 6
81 19 11
82 3 14
83 2 18
84 7 10
85 16 6
86 19 3
87 2 11
88 19 8
89 8 3
90 7 4
91 3 17
92 10 3
93 4 3
94 7 2
95 2 2
96 8 4
97 17 2
98 15 13
99 13 3
100 0 10
101 16 5
102 2 6
103 8 13
104 16 4
105 3 4
106 2 2
107 8 16
108 8 6
109 5 10
110 10 4
111 10 3
112 13 3
113 18 5
114 3 2
115 7 11
116 10 9
117 0 9
118 11 9
119 11 4
120 9 6
121 18 1
122 13 14
123 9 6
124 6 1
125 14 10
126 19 19
127 4 16
128 9 2
129 4 7
130 5 2
131 15 6
132 19 11
133 11 3
134 14 13
135 18 6
136 19 2
137 12 4
138 17 6
139 5 4
140 5 2
141 9 7
142 13 4
143 6 11
144 5 7
145 17 3
146 6 6
147 7 1
148 8 6
149 2 10
150 13 3
151 3 18
152 9 7
153 7 4
154 6 10
155 0 3
156 17 11
157 13 3
158 2 3
159 13 10
160 17 6
161 1 7
162 2 7
163 12 1
164 12 1
165 19 8
166 4 11
167 18 4
168 4 11
169 7 8
170 1 7
171 15 2
172 18 8
173 0 3
174 15 4
175 0 1
176 8 3
177 2 4
178 10 2
179 5 6
180 12 4
181 18 6
182 2 10
183 13 16
184 17 14
185 13 5
186 2 13
187 3 15
188 11 6
189 8 11
190 14 6
191 12 2
192 1 4
193 3 1
194 12 1
ORS: day OR start end
0 0 0 32
0 1 0 32
0 2 0 32
0 3 0 32
1 0 0 32
1 1 0 32
1 2 0 32
1 3 0 32
2 0 0 32
2 1 0 32
2 2 0 32
2 3 0 32
3 0 0 32
3 1 0 32
3 2 0 32
3 3 0 32
4 0 0 32
4 1 0 32
4 2 0 32
4 3 0 32
start times:
0 8 16 24
end times:
8 16 24 32
load:
2.0109375