12 50 1 5
patients: ID surgeon priority leader_priority duration
0 5 6
1 10 10
2 7 14
3 4 18
4 8 1
5 0 1
6 1 1
7 0 2
8 0 10
9 4 2
10 11 4
11 5 8
12 9 8
13 1 18
14 6 7
15 9 7
16 7 13
17 7 12
18 8 3
19 3 4
20 7 6
21 6 3
22 10 3
23 11 6
24 2 3
25 3 3
26 0 3
27 5 22
28 11 4
29 2 2
30 4 7
31 3 4
32 1 6
33 5 7
34 7 5
35 5 6
36 2 6
37 3 5
38 8 4
39 0 6
40 7 6
41 10 5
42 2 4
43 2 12
44 2 10
45 8 16
46 2 3
47 10 1
48 6 1
49 4 1
ORS: day OR start end
0 0 0 32
1 0 0 32
2 0 0 32
3 0 0 32
4 0 0 32
start times:
0 8 16 24
end times:
8 16 24 32
load:
1.99375