10 50 1 5
patients: ID surgeon priority leader_priority duration
0 9 6
1 4 10
2 8 14
3 6 18
4 5 1
5 3 1
6 3 1
7 2 2
8 4 10
9 2 2
10 4 4
11 7 8
12 2 8
13 0 18
14 7 7
15 2 7
16 8 13
17 4 12
18 1 3
19 1 4
20 9 6
21 5 3
22 5 3
23 8 6
24 9 3
25 0 3
26 0 3
27 1 22
28 7 4
29 8 2
30 8 7
31 2 4
32 9 6
33 0 7
34 3 5
35 6 6
36 1 6
37 0 5
38 7 4
39 1 6
40 6 6
41 1 5
42 9 4
43 8 12
44 3 10
45 6 16
46 0 3
47 5 1
48 7 1
49 7 1
ORS: day OR start end
0 0 0 32
1 0 0 32
2 0 0 32
3 0 0 32
4 0 0 32
start times:
0 8 16 24
end times:
8 16 24 32
load:
1.99375