14 50 1 5
patients: ID surgeon priority leader_priority duration
0 5 6
1 0 10
2 7 14
3 10 18
4 11 1
5 5 1
6 9 1
7 7 2
8 4 10
9 8 2
10 5 4
11 12 8
12 11 8
13 13 18
14 3 7
15 13 7
16 2 13
17 0 12
18 7 3
19 2 4
20 5 6
21 13 3
22 2 3
23 12 6
24 0 3
25 12 3
26 0 3
27 9 22
28 8 4
29 10 2
30 3 7
31 7 4
32 11 6
33 9 7
34 6 5
35 1 6
36 7 6
37 13 5
38 0 4
39 9 6
40 4 6
41 2 5
42 11 4
43 0 12
44 1 10
45 1 16
46 2 3
47 13 1
48 6 1
49 6 1
ORS: day OR start end
0 0 0 32
1 0 0 32
2 0 0 32
3 0 0 32
4 0 0 32
start times:
0 8 16 24
end times:
8 16 24 32
load:
1.99375