20 196 4 5
patients: ID surgeon priority leader_priority duration
0 9 3
1 18 7
2 16 6
3 15 4
4 6 6
5 5 12
6 16 10
7 2 6
8 1 6
9 13 9
10 17 14
11 18 9
12 0 1
13 19 16
14 11 1
15 12 10
16 14 11
17 7 2
18 3 5
19 9 6
20 10 1
21 18 6
22 14 2
23 14 3
24 15 7
25 3 3
26 14 5
27 14 8
28 13 6
29 19 10
30 12 18
31 13 4
32 16 5
33 14 2
34 2 4
35 11 6
36 14 2
37 8 6
38 15 6
39 19 30
40 18 6
41 8 10
42 8 14
43 5 6
44 11 12
45 0 14
46 5 6
47 17 6
48 19 11
49 12 2
50 1 4
51 3 11
52 6 2
53 11 4
54 14 4
55 1 7
56 2 4
57 6 1
58 16 5
59 6 4
60 3 18
61 6 1
62 11 4
63 10 13
64 16 6
65 8 6
66 4 5
67 5 6
68 9 8
69 12 10
70 19 10
71 6 2
72 12 9
73 5 6
74 2 10
75 10 6
76 3 6
77 17 6
78 19 2
79 5 1
80 15 5
81 10 4
82 18 5
83 19 14
84 11 7
85 6 11
86 6 3
87 11 6
88 4 3
89 14 16
90 7 5
91 14 1
92 0 6
93 18 4
94 8 7
95 5 14
96 17 8
97 9 7
98 14 13
99 10 3
100 13 5
101 4 6
102 6 3
103 13 6
104 0 2
105 6 1
106 3 2
107 13 3
108 15 5
109 17 10
110 18 2
111 7 4
112 2 10
113 12 6
114 10 3
115 6 4
116 0 8
117 5 2
118 12 9
119 3 6
120 5 5
121 13 1
122 13 3
123 13 25
124 14 5
125 4 12
126 11 8
127 18 5
128 13 1
129 14 2
130 0 2
131 10 18
132 0 6
133 2 6
134 2 17
135 11 3
136 2 6
137 10 12
138 6 5
139 17 10
140 17 6
141 19 2
142 4 4
143 8 3
144 8 6
145 18 8
146 3 10
147 12 2
148 1 4
149 14 10
150 1 6
151 15 6
152 14 6
153 12 3
154 7 11
155 2 13
156 3 8
157 16 10
158 5 6
159 12 11
160 17 1
161 13 6
162 5 3
163 4 1
164 15 4
165 19 13
166 6 4
167 7 14
168 11 4
169 6 4
170 7 6
171 4 15
172 1 3
173 7 1
174 0 1
175 12 6
176 17 7
177 9 3
178 19 5
179 2 7
180 3 9
181 6 4
182 6 10
183 14 6
184 8 6
185 0 13
186 16 2
187 7 4
188 1 3
189 14 6
190 14 5
191 17 9
192 16 6
193 5 6
194 7 5
195 16 13
ORS: day OR start end
0 0 0 32
0 1 0 32
0 2 0 32
0 3 0 32
1 0 0 32
1 1 0 32
1 2 0 32
1 3 0 32
2 0 0 32
2 1 0 32
2 2 0 32
2 3 0 32
3 0 0 32
3 1 0 32
3 2 0 32
3 3 0 32
4 0 0 32
4 1 0 32
4 2 0 32
4 3 0 32
start times:
0 8 16 24
end times:
8 16 24 32
load:
2.0109375