10 119 2 5
patients: ID surgeon priority leader_priority duration
0 1 2
1 5 3
2 5 3
3 2 2
4 9 2
5 9 11
6 4 4
7 8 6
8 4 10
9 9 1
10 1 4
11 1 2
12 4 11
13 3 6
14 6 2
15 4 11
16 9 14
17 4 9
18 5 16
19 7 1
20 3 3
21 2 4
22 7 11
23 9 3
24 1 13
25 2 3
26 5 7
27 5 16
28 1 3
29 3 5
30 6 3
31 7 6
32 0 13
33 5 3
34 6 6
35 5 15
36 2 6
37 3 15
38 9 8
39 2 12
40 0 8
41 2 6
42 7 6
43 0 6
44 7 2
45 6 3
46 3 3
47 9 3
48 4 5
49 6 12
50 7 6
51 6 6
52 8 16
53 4 11
54 3 10
55 6 1
56 6 6
57 1 1
58 3 2
59 1 14
60 0 5
61 7 5
62 3 11
63 2 7
64 8 2
65 4 10
66 4 6
67 4 6
68 7 4
69 7 17
70 5 9
71 1 7
72 0 4
73 4 2
74 3 4
75 9 18
76 7 6
77 9 2
78 2 3
79 6 4
80 5 1
81 1 4
82 0 10
83 1 1
84 9 10
85 8 5
86 6 3
87 9 3
88 5 5
89 9 1
90 6 18
91 7 25
92 2 6
93 5 4
94 6 14
95 9 10
96 2 9
97 0 5
98 3 16
99 2 4
100 3 2
101 7 18
102 4 6
103 9 15
104 0 3
105 1 7
106 4 1
107 9 3
108 0 6
109 0 7
110 5 18
111 9 4
112 4 14
113 9 4
114 0 3
115 9 1
116 3 10
117 9 18
118 1 8
ORS: day OR start end
0 0 0 32
0 1 0 32
1 0 0 32
1 1 0 32
2 0 0 32
2 1 0 32
3 0 0 32
3 1 0 32
4 0 0 32
4 1 0 32
start times:
0 8 16 24
end times:
8 16 24 32
load:
2.6125