12 90 2 5
patients: ID surgeon priority leader_priority duration
0 5 1
1 7 2
2 0 6
3 2 2
4 8 6
5 5 13
6 11 4
7 3 7
8 6 6
9 11 6
10 10 1
11 1 13
12 7 17
13 6 18
14 1 4
15 9 5
16 8 1
17 10 2
18 9 12
19 3 3
20 1 7
21 10 11
22 11 4
23 4 5
24 9 1
25 7 6
26 1 3
27 10 2
28 8 3
29 6 14
30 6 18
31 11 6
32 9 13
33 3 7
34 0 1
35 1 6
36 4 7
37 5 5
38 5 10
39 0 3
40 8 8
41 6 6
42 10 4
43 2 5
44 8 13
45 3 10
46 9 11
47 4 5
48 9 3
49 8 6
50 4 7
51 2 6
52 6 6
53 8 6
54 0 11
55 5 12
56 8 4
57 8 11
58 2 3
59 3 8
60 8 6
61 2 16
62 0 4
63 7 9
64 5 15
65 3 11
66 1 6
67 2 2
68 6 3
69 3 6
70 6 5
71 1 3
72 1 11
73 8 8
74 3 6
75 6 7
76 4 1
77 2 10
78 6 7
79 8 3
80 7 7
81 10 10
82 9 7
83 11 7
84 4 7
85 5 2
86 3 17
87 11 22
88 1 5
89 4 13
ORS: day OR start end
0 0 0 32
0 1 0 32
1 0 0 32
1 1 0 32
2 0 0 32
2 1 0 32
3 0 0 32
3 1 0 32
4 0 0 32
4 1 0 32
start times:
0 8 16 24
end times:
8 16 24 32
load:
2.00625