10 90 2 5
patients: ID surgeon priority leader_priority duration
0 0 1
1 9 2
2 4 6
3 1 2
4 8 6
5 9 13
6 2 4
7 4 7
8 2 6
9 3 6
10 4 1
11 5 13
12 0 17
13 2 18
14 7 4
15 3 5
16 0 1
17 4 2
18 1 12
19 2 3
20 3 7
21 5 11
22 1 4
23 7 5
24 5 1
25 6 6
26 6 3
27 0 2
28 6 3
29 9 14
30 8 18
31 7 6
32 3 13
33 6 7
34 2 1
35 9 6
36 9 7
37 9 5
38 4 10
39 9 3
40 4 8
41 3 6
42 0 4
43 0 5
44 6 13
45 3 10
46 4 11
47 6 5
48 9 3
49 9 6
50 0 7
51 9 6
52 7 6
53 1 6
54 1 11
55 5 12
56 0 4
57 8 11
58 1 3
59 4 8
60 5 6
61 5 16
62 7 4
63 1 9
64 5 15
65 8 11
66 0 6
67 5 2
68 7 3
69 4 6
70 2 5
71 2 3
72 0 11
73 9 8
74 3 6
75 8 7
76 3 1
77 8 10
78 4 7
79 1 3
80 1 7
81 4 10
82 8 7
83 2 7
84 0 7
85 9 2
86 3 17
87 2 22
88 9 5
89 7 13
ORS: day OR start end
0 0 0 32
0 1 0 32
1 0 0 32
1 1 0 32
2 0 0 32
2 1 0 32
3 0 0 32
3 1 0 32
4 0 0 32
4 1 0 32
start times:
0 8 16 24
end times:
8 16 24 32
load:
2.00625