14 87 2 5
patients: ID surgeon priority leader_priority duration
0 4 4
1 4 6
2 13 4
3 7 4
4 0 13
5 11 6
6 2 6
7 4 3
8 6 1
9 8 4
10 5 12
11 10 3
12 3 1
13 3 3
14 9 6
15 3 7
16 1 11
17 1 14
18 0 16
19 7 10
20 11 13
21 6 7
22 0 3
23 9 5
24 5 1
25 12 2
26 7 6
27 11 10
28 5 2
29 4 6
30 9 3
31 8 6
32 8 6
33 0 3
34 5 20
35 6 7
36 4 3
37 10 13
38 11 5
39 4 4
40 6 6
41 6 6
42 6 4
43 0 4
44 12 16
45 1 12
46 10 6
47 10 17
48 4 5
49 2 4
50 7 3
51 8 9
52 13 2
53 9 3
54 8 3
55 12 1
56 9 5
57 9 17
58 2 3
59 7 25
60 2 6
61 13 5
62 11 4
63 8 7
64 2 15
65 10 1
66 1 5
67 5 2
68 3 6
69 10 15
70 11 3
71 6 4
72 10 11
73 11 16
74 2 5
75 0 5
76 12 10
77 8 6
78 7 5
79 7 1
80 13 4
81 8 6
82 0 4
83 6 3
84 12 8
85 8 3
86 2 4
ORS: day OR start end
0 0 0 32
0 1 0 32
1 0 0 32
1 1 0 32
2 0 0 32
2 1 0 32
3 0 0 32
3 1 0 32
4 0 0 32
4 1 0 32
start times:
0 8 16 24
end times:
8 16 24 32
load:
1.79375