14 55 2 5
patients: ID surgeon priority leader_priority duration
0 11 1
1 6 3
2 11 5
3 13 11
4 10 7
5 8 5
6 3 11
7 3 18
8 2 2
9 5 16
10 5 1
11 7 8
12 13 7
13 5 13
14 13 17
15 2 12
16 9 2
17 5 3
18 12 2
19 12 14
20 13 3
21 0 4
22 12 2
23 7 11
24 4 4
25 6 3
26 2 4
27 12 1
28 2 20
29 10 3
30 1 3
31 7 10
32 10 11
33 1 3
34 4 4
35 3 3
36 4 2
37 4 11
38 0 6
39 8 5
40 12 6
41 1 6
42 8 6
43 9 6
44 5 13
45 0 1
46 7 9
47 4 12
48 4 7
49 7 17
50 5 6
51 4 10
52 7 1
53 11 8
54 2 4
ORS: day OR start end
0 0 0 32
0 1 0 32
1 0 0 32
1 1 0 32
2 0 0 32
2 1 0 32
3 0 0 32
3 1 0 32
4 0 0 32
4 1 0 32
start times:
0 8 16 24
end times:
8 16 24 32
load:
1.196875