12 119 2 5
patients: ID surgeon priority leader_priority duration
0 8 2
1 5 3
2 7 3
3 9 2
4 0 2
5 8 11
6 0 4
7 5 6
8 11 10
9 0 1
10 11 4
11 9 2
12 1 11
13 7 6
14 0 2
15 2 11
16 10 14
17 11 9
18 0 16
19 9 1
20 7 3
21 8 4
22 5 11
23 1 3
24 9 13
25 7 3
26 3 7
27 3 16
28 2 3
29 1 5
30 9 3
31 1 6
32 2 13
33 9 3
34 4 6
35 10 15
36 4 6
37 3 15
38 8 8
39 1 12
40 0 8
41 10 6
42 4 6
43 8 6
44 8 2
45 2 3
46 2 3
47 7 3
48 7 5
49 4 12
50 8 6
51 0 6
52 6 16
53 0 11
54 3 10
55 3 1
56 6 6
57 5 1
58 5 2
59 3 14
60 2 5
61 10 5
62 5 11
63 4 7
64 10 2
65 10 10
66 2 6
67 0 6
68 0 4
69 0 17
70 8 9
71 11 7
72 10 4
73 11 2
74 0 4
75 1 18
76 2 6
77 11 2
78 11 3
79 11 4
80 4 1
81 1 4
82 8 10
83 10 1
84 11 10
85 1 5
86 11 3
87 9 3
88 4 5
89 11 1
90 9 18
91 11 25
92 6 6
93 1 4
94 6 14
95 9 10
96 1 9
97 6 5
98 5 16
99 3 4
100 6 2
101 6 18
102 10 6
103 4 15
104 10 3
105 0 7
106 1 1
107 8 3
108 6 6
109 4 7
110 3 18
111 0 4
112 1 14
113 0 4
114 8 3
115 7 1
116 9 10
117 5 18
118 5 8
ORS: day OR start end
0 0 0 32
0 1 0 32
1 0 0 32
1 1 0 32
2 0 0 32
2 1 0 32
3 0 0 32
3 1 0 32
4 0 0 32
4 1 0 32
start times:
0 8 16 24
end times:
8 16 24 32
load:
2.6125