20 90 2 5
patients: ID surgeon priority leader_priority duration
0 19 1
1 4 2
2 8 6
3 12 2
4 18 6
5 8 13
6 2 4
7 19 7
8 14 6
9 4 6
10 7 1
11 7 13
12 15 17
13 18 18
14 13 4
15 15 5
16 11 1
17 2 2
18 4 12
19 17 3
20 9 7
21 2 11
22 1 4
23 11 5
24 9 1
25 7 6
26 6 3
27 13 2
28 7 3
29 10 14
30 1 18
31 13 6
32 12 13
33 1 7
34 2 1
35 8 6
36 3 7
37 14 5
38 19 10
39 5 3
40 19 8
41 14 6
42 11 4
43 18 5
44 12 13
45 17 10
46 8 11
47 13 5
48 19 3
49 7 6
50 19 7
51 1 6
52 2 6
53 7 6
54 17 11
55 12 12
56 13 4
57 15 11
58 6 3
59 6 8
60 0 6
61 9 16
62 0 4
63 5 9
64 15 15
65 12 11
66 10 6
67 0 2
68 4 3
69 11 6
70 4 5
71 12 3
72 14 11
73 3 8
74 12 6
75 15 7
76 9 1
77 2 10
78 1 7
79 1 3
80 0 7
81 16 10
82 16 7
83 9 7
84 0 7
85 8 2
86 8 17
87 2 22
88 1 5
89 11 13
ORS: day OR start end
0 0 0 32
0 1 0 32
1 0 0 32
1 1 0 32
2 0 0 32
2 1 0 32
3 0 0 32
3 1 0 32
4 0 0 32
4 1 0 32
start times:
0 8 16 24
end times:
8 16 24 32
load:
2.00625