14 46 1 5
patients: ID surgeon priority leader_priority duration
0 12 5
1 3 10
2 5 4
3 4 2
4 1 6
5 11 6
6 0 6
7 2 4
8 13 10
9 11 2
10 6 3
11 13 4
12 6 7
13 11 18
14 9 16
15 11 1
16 1 2
17 7 5
18 6 3
19 0 3
20 2 10
21 9 4
22 12 6
23 0 4
24 4 8
25 9 19
26 5 3
27 3 4
28 11 10
29 8 1
30 4 10
31 8 14
32 13 5
33 12 6
34 5 18
35 7 7
36 2 10
37 0 14
38 6 18
39 4 2
40 10 1
41 10 4
42 13 3
43 8 7
44 13 4
45 4 11
ORS: day OR start end
0 0 0 32
1 0 0 32
2 0 0 32
3 0 0 32
4 0 0 32
start times:
0 8 16 24
end times:
8 16 24 32
load:
2.0