12 46 1 5
patients: ID surgeon priority leader_priority duration
0 11 5
1 6 10
2 4 4
3 0 2
4 5 6
5 3 6
6 0 6
7 8 4
8 9 10
9 0 2
10 6 3
11 5 4
12 5 7
13 11 18
14 8 16
15 1 1
16 8 2
17 5 5
18 10 3
19 0 3
20 0 10
21 3 4
22 6 6
23 9 4
24 3 8
25 2 19
26 10 3
27 4 4
28 11 10
29 11 1
30 1 10
31 6 14
32 1 5
33 8 6
34 1 18
35 8 7
36 9 10
37 4 14
38 3 18
39 11 2
40 2 1
41 5 4
42 9 3
43 11 7
44 8 4
45 7 11
ORS: day OR start end
0 0 0 32
1 0 0 32
2 0 0 32
3 0 0 32
4 0 0 32
start times:
0 8 16 24
end times:
8 16 24 32
load:
2.0