10 46 1 5
patients: ID surgeon priority leader_priority duration
0 8 5
1 1 10
2 6 4
3 3 2
4 8 6
5 7 6
6 6 6
7 2 4
8 3 10
9 4 2
10 9 3
11 4 4
12 4 7
13 6 18
14 2 16
15 0 1
16 7 2
17 9 5
18 9 3
19 6 3
20 9 10
21 2 4
22 9 6
23 3 4
24 9 8
25 4 19
26 6 3
27 2 4
28 5 10
29 0 1
30 6 10
31 8 14
32 7 5
33 6 6
34 0 18
35 3 7
36 4 10
37 5 14
38 6 18
39 4 2
40 2 1
41 9 4
42 3 3
43 1 7
44 3 4
45 8 11
ORS: day OR start end
0 0 0 32
1 0 0 32
2 0 0 32
3 0 0 32
4 0 0 32
start times:
0 8 16 24
end times:
8 16 24 32
load:
2.0