12 53 1 5
patients: ID surgeon priority leader_priority duration
0 2 2
1 5 2
2 0 4
3 8 1
4 7 3
5 3 6
6 1 6
7 3 6
8 6 14
9 0 13
10 8 3
11 9 2
12 7 3
13 8 4
14 10 5
15 11 10
16 1 3
17 8 2
18 8 8
19 3 10
20 1 10
21 9 4
22 5 13
23 3 3
24 1 9
25 4 6
26 10 6
27 8 18
28 11 8
29 3 2
30 11 5
31 11 3
32 11 6
33 4 3
34 7 6
35 3 8
36 9 6
37 2 17
38 3 14
39 7 5
40 1 6
41 11 8
42 7 3
43 5 1
44 9 5
45 2 2
46 5 4
47 6 6
48 6 6
49 7 13
50 5 4
51 5 6
52 4 1
ORS: day OR start end
0 0 0 32
1 0 0 32
2 0 0 32
3 0 0 32
4 0 0 32
start times:
0 8 16 24
end times:
8 16 24 32
load:
2.025