12 50 1 5
patients: ID surgeon priority leader_priority duration
0 8 11
1 9 11
2 6 11
3 6 9
4 8 3
5 8 5
6 4 6
7 10 7
8 3 4
9 10 1
10 0 6
11 8 3
12 4 6
13 9 3
14 0 5
15 3 7
16 5 4
17 4 12
18 10 15
19 5 7
20 3 5
21 3 1
22 5 7
23 9 6
24 7 7
25 8 1
26 4 6
27 10 6
28 7 11
29 2 1
30 6 7
31 0 6
32 2 12
33 2 18
34 6 6
35 2 3
36 8 16
37 4 3
38 3 4
39 10 5
40 7 6
41 5 6
42 1 10
43 7 5
44 9 3
45 2 12
46 11 6
47 6 2
48 9 3
49 3 2
ORS: day OR start end
0 0 0 32
1 0 0 32
2 0 0 32
3 0 0 32
4 0 0 32
start times:
0 8 16 24
end times:
8 16 24 32
load:
2.0125