12 50 1 5
patients: ID surgeon priority leader_priority duration
0 1 4
1 11 8
2 0 3
3 4 13
4 4 2
5 5 5
6 1 6
7 8 8
8 11 2
9 3 20
10 1 6
11 9 2
12 2 3
13 8 5
14 1 7
15 2 4
16 9 3
17 7 13
18 6 12
19 7 7
20 0 2
21 2 6
22 0 1
23 9 3
24 2 6
25 2 4
26 8 14
27 0 6
28 5 1
29 1 30
30 4 1
31 2 1
32 4 1
33 6 15
34 7 7
35 10 5
36 0 5
37 8 6
38 0 3
39 8 12
40 4 7
41 5 2
42 4 11
43 0 11
44 11 3
45 7 9
46 10 7
47 8 3
48 5 3
49 7 1
ORS: day OR start end
0 0 0 32
1 0 0 32
2 0 0 32
3 0 0 32
4 0 0 32
start times:
0 8 16 24
end times:
8 16 24 32
load:
1.99375