12 45 1 5
patients: ID surgeon priority leader_priority duration
0 1 6
1 1 6
2 0 9
3 8 3
4 3 6
5 9 5
6 9 4
7 8 3
8 2 11
9 6 16
10 3 6
11 6 4
12 5 6
13 6 6
14 7 16
15 3 2
16 9 14
17 10 6
18 9 12
19 2 3
20 10 3
21 5 6
22 7 8
23 11 13
24 11 12
25 2 11
26 7 20
27 2 16
28 7 1
29 8 2
30 3 12
31 9 6
32 0 5
33 8 5
34 2 1
35 10 17
36 11 6
37 0 3
38 3 1
39 7 10
40 8 2
41 3 3
42 8 13
43 5 3
44 7 1
ORS: day OR start end
0 0 0 32
1 0 0 32
2 0 0 32
3 0 0 32
4 0 0 32
start times:
0 8 16 24
end times:
8 16 24 32
load:
2.025