12 57 1 5
patients: ID surgeon priority leader_priority duration
0 10 14
1 8 1
2 1 4
3 6 3
4 2 6
5 3 1
6 10 6
7 4 3
8 2 7
9 0 1
10 10 4
11 9 14
12 11 3
13 11 6
14 0 8
15 5 10
16 9 5
17 8 1
18 8 9
19 0 13
20 5 6
21 1 3
22 0 5
23 10 4
24 9 10
25 0 12
26 10 6
27 6 9
28 1 5
29 1 1
30 1 6
31 4 6
32 10 5
33 3 6
34 9 8
35 11 3
36 5 2
37 3 6
38 2 3
39 8 1
40 0 5
41 8 1
42 3 9
43 7 4
44 1 1
45 2 5
46 1 6
47 9 4
48 4 11
49 11 11
50 11 4
51 11 4
52 3 8
53 9 6
54 2 10
55 1 2
56 11 1
ORS: day OR start end
0 0 0 32
1 0 0 32
2 0 0 32
3 0 0 32
4 0 0 32
start times:
0 8 16 24
end times:
8 16 24 32
load:
1.9875