20 121 4 5
patients: ID surgeon priority leader_priority duration
0 17 5
1 7 6
2 1 12
3 12 14
4 17 3
5 7 24
6 7 3
7 2 3
8 19 4
9 0 5
10 2 6
11 4 5
12 8 2
13 1 1
14 3 10
15 19 3
16 15 6
17 0 2
18 12 3
19 14 8
20 5 7
21 8 6
22 0 3
23 14 6
24 9 3
25 6 2
26 6 6
27 1 11
28 6 10
29 7 7
30 0 4
31 14 2
32 6 6
33 2 10
34 4 2
35 9 7
36 15 6
37 8 11
38 18 5
39 18 6
40 4 3
41 13 5
42 7 13
43 15 7
44 15 8
45 4 6
46 10 6
47 19 6
48 17 8
49 15 5
50 19 6
51 3 3
52 11 2
53 6 10
54 14 1
55 6 5
56 4 3
57 0 14
58 7 11
59 1 2
60 6 9
61 3 2
62 10 6
63 17 6
64 3 2
65 13 6
66 19 7
67 3 6
68 3 1
69 17 6
70 6 6
71 7 6
72 14 4
73 13 14
74 9 1
75 13 13
76 19 11
77 12 3
78 14 3
79 10 4
80 8 12
81 19 4
82 6 6
83 5 13
84 7 5
85 6 6
86 4 5
87 6 6
88 18 6
89 6 6
90 9 6
91 0 3
92 13 8
93 15 3
94 4 6
95 17 2
96 11 7
97 2 4
98 19 9
99 2 19
100 15 16
101 10 8
102 17 6
103 13 2
104 10 6
105 5 2
106 2 19
107 0 11
108 15 4
109 0 11
110 5 2
111 17 12
112 15 5
113 0 5
114 5 3
115 17 4
116 10 10
117 10 6
118 16 1
119 3 7
120 7 11
ORS: day OR start end
0 0 0 32
0 1 0 32
0 2 0 32
0 3 0 32
1 0 0 32
1 1 0 32
1 2 0 32
1 3 0 32
2 0 0 32
2 1 0 32
2 2 0 32
2 3 0 32
3 0 0 32
3 1 0 32
3 2 0 32
3 3 0 32
4 0 0 32
4 1 0 32
4 2 0 32
4 3 0 32
start times:
0 8 16 24
end times:
8 16 24 32
load:
1.20625