14 57 1 5
patients: ID surgeon priority leader_priority duration
0 7 4
1 1 8
2 1 6
3 1 2
4 8 1
5 4 1
6 2 13
7 12 6
8 0 7
9 3 5
10 11 10
11 8 7
12 0 2
13 8 12
14 3 6
15 13 2
16 5 3
17 6 6
18 7 7
19 7 20
20 1 1
21 4 12
22 3 4
23 9 1
24 1 3
25 9 6
26 10 10
27 12 6
28 4 6
29 13 6
30 4 18
31 2 6
32 9 18
33 7 6
34 1 2
35 1 6
36 8 3
37 13 14
38 9 5
39 8 3
40 2 7
41 0 17
42 11 6
43 13 1
44 7 3
45 8 2
46 3 10
47 2 3
48 12 3
49 4 3
50 3 4
51 1 6
52 2 3
53 4 6
54 13 5
55 12 25
56 7 15
ORS: day OR start end
0 0 0 32
1 0 0 32
2 0 0 32
3 0 0 32
4 0 0 32
start times:
0 8 16 24
end times:
8 16 24 32
load:
2.39375