12 119 2 5
patients: ID surgeon priority leader_priority duration
0 2 6
1 1 6
2 0 3
3 7 10
4 7 4
5 2 7
6 7 4
7 8 6
8 1 7
9 7 5
10 2 6
11 10 10
12 11 3
13 2 13
14 1 7
15 2 20
16 6 1
17 9 16
18 11 2
19 11 3
20 6 3
21 1 8
22 5 10
23 1 2
24 2 6
25 5 10
26 6 2
27 10 1
28 10 2
29 3 8
30 8 2
31 0 5
32 11 7
33 11 16
34 7 2
35 7 4
36 3 13
37 5 6
38 3 10
39 7 13
40 9 4
41 1 4
42 3 1
43 4 7
44 4 5
45 3 5
46 9 3
47 1 3
48 8 6
49 4 27
50 5 2
51 4 4
52 9 10
53 0 1
54 4 2
55 0 4
56 2 14
57 9 1
58 11 18
59 4 18
60 0 1
61 7 4
62 5 6
63 5 10
64 4 7
65 2 7
66 2 10
67 0 3
68 1 18
69 11 2
70 4 9
71 2 18
72 8 8
73 2 3
74 1 18
75 3 3
76 7 12
77 0 12
78 11 15
79 5 5
80 9 2
81 2 5
82 7 5
83 8 2
84 3 8
85 11 3
86 9 10
87 0 5
88 8 4
89 10 14
90 10 5
91 5 16
92 11 7
93 3 5
94 5 10
95 5 6
96 9 5
97 1 4
98 6 5
99 2 7
100 1 4
101 7 3
102 9 3
103 1 1
104 1 7
105 7 1
106 9 5
107 1 2
108 11 4
109 5 7
110 6 6
111 0 18
112 8 8
113 4 7
114 0 6
115 10 18
116 2 14
117 11 2
118 11 11
ORS: day OR start end
0 0 0 32
0 1 0 32
1 0 0 32
1 1 0 32
2 0 0 32
2 1 0 32
3 0 0 32
3 1 0 32
4 0 0 32
4 1 0 32
start times:
0 8 16 24
end times:
8 16 24 32
load:
2.60625