12 57 1 5
patients: ID surgeon priority leader_priority duration
0 0 4
1 11 8
2 2 6
3 5 2
4 4 1
5 1 1
6 6 13
7 3 6
8 11 7
9 8 5
10 4 10
11 3 7
12 0 2
13 0 12
14 9 6
15 8 2
16 11 3
17 2 6
18 9 7
19 9 20
20 2 1
21 7 12
22 4 4
23 3 1
24 4 3
25 3 6
26 2 10
27 2 6
28 9 6
29 3 6
30 2 18
31 4 6
32 1 18
33 11 6
34 4 2
35 0 6
36 2 3
37 7 14
38 8 5
39 3 3
40 1 7
41 0 17
42 9 6
43 2 1
44 5 3
45 7 2
46 7 10
47 5 3
48 7 3
49 6 3
50 2 4
51 5 6
52 7 3
53 8 6
54 7 5
55 6 25
56 4 15
ORS: day OR start end
0 0 0 32
1 0 0 32
2 0 0 32
3 0 0 32
4 0 0 32
start times:
0 8 16 24
end times:
8 16 24 32
load:
2.39375