10 57 1 5
patients: ID surgeon priority leader_priority duration
0 7 4
1 2 8
2 1 6
3 7 2
4 2 1
5 2 1
6 7 13
7 1 6
8 1 7
9 4 5
10 6 10
11 9 7
12 2 2
13 7 12
14 7 6
15 9 2
16 8 3
17 2 6
18 0 7
19 0 20
20 7 1
21 8 12
22 5 4
23 6 1
24 8 3
25 0 6
26 1 10
27 1 6
28 3 6
29 5 6
30 6 18
31 0 6
32 5 18
33 4 6
34 8 2
35 4 6
36 1 3
37 6 14
38 4 5
39 5 3
40 0 7
41 4 17
42 0 6
43 5 1
44 1 3
45 1 2
46 9 10
47 2 3
48 8 3
49 4 3
50 5 4
51 5 6
52 8 3
53 8 6
54 8 5
55 0 25
56 6 15
ORS: day OR start end
0 0 0 32
1 0 0 32
2 0 0 32
3 0 0 32
4 0 0 32
start times:
0 8 16 24
end times:
8 16 24 32
load:
2.39375