10 119 2 5
patients: ID surgeon priority leader_priority duration
0 6 6
1 7 6
2 8 3
3 2 10
4 7 4
5 8 7
6 0 4
7 7 6
8 2 7
9 4 5
10 4 6
11 7 10
12 9 3
13 4 13
14 8 7
15 2 20
16 9 1
17 6 16
18 1 2
19 1 3
20 1 3
21 8 8
22 0 10
23 1 2
24 3 6
25 0 10
26 1 2
27 0 1
28 3 2
29 4 8
30 5 2
31 6 5
32 4 7
33 5 16
34 9 2
35 0 4
36 7 13
37 6 6
38 9 10
39 0 13
40 7 4
41 4 4
42 6 1
43 9 7
44 6 5
45 6 5
46 5 3
47 7 3
48 6 6
49 6 27
50 8 2
51 9 4
52 0 10
53 9 1
54 2 2
55 3 4
56 2 14
57 0 1
58 6 18
59 9 18
60 7 1
61 4 4
62 5 6
63 5 10
64 6 7
65 4 7
66 7 10
67 6 3
68 6 18
69 6 2
70 6 9
71 1 18
72 1 8
73 1 3
74 0 18
75 3 3
76 8 12
77 1 12
78 4 15
79 7 5
80 1 2
81 7 5
82 7 5
83 2 2
84 3 8
85 0 3
86 0 10
87 4 5
88 2 4
89 5 14
90 9 5
91 4 16
92 1 7
93 4 5
94 9 10
95 5 6
96 1 5
97 6 4
98 8 5
99 1 7
100 9 4
101 6 3
102 7 3
103 0 1
104 3 7
105 9 1
106 1 5
107 6 2
108 6 4
109 7 7
110 0 6
111 0 18
112 3 8
113 9 7
114 4 6
115 1 18
116 5 14
117 4 2
118 4 11
ORS: day OR start end
0 0 0 32
0 1 0 32
1 0 0 32
1 1 0 32
2 0 0 32
2 1 0 32
3 0 0 32
3 1 0 32
4 0 0 32
4 1 0 32
start times:
0 8 16 24
end times:
8 16 24 32
load:
2.60625