10 47 1 5
patients: ID surgeon priority leader_priority duration
0 0 5
1 1 5
2 9 3
3 1 3
4 8 13
5 5 6
6 3 7
7 5 5
8 8 22
9 8 15
10 0 6
11 4 7
12 1 3
13 2 9
14 8 9
15 8 15
16 4 1
17 0 4
18 0 1
19 6 5
20 3 5
21 7 6
22 7 4
23 4 8
24 2 2
25 7 6
26 3 6
27 4 2
28 0 7
29 7 2
30 2 3
31 8 6
32 3 5
33 8 2
34 8 3
35 1 5
36 5 18
37 2 5
38 0 1
39 5 2
40 7 3
41 4 5
42 9 6
43 4 4
44 4 10
45 1 13
46 5 5
ORS: day OR start end
0 0 0 32
1 0 0 32
2 0 0 32
3 0 0 32
4 0 0 32
start times:
0 8 16 24
end times:
8 16 24 32
load:
1.8