14 54 2 5
patients: ID surgeon priority leader_priority duration
0 7 6
1 4 13
2 7 6
3 0 3
4 7 3
5 6 3
6 0 6
7 3 4
8 9 5
9 8 2
10 8 18
11 0 12
12 12 8
13 1 15
14 0 10
15 3 6
16 1 1
17 7 8
18 9 11
19 12 1
20 6 3
21 4 4
22 1 5
23 8 3
24 4 17
25 7 6
26 4 1
27 3 3
28 4 6
29 6 18
30 0 3
31 10 13
32 3 13
33 11 6
34 0 5
35 5 9
36 2 2
37 13 10
38 10 17
39 1 4
40 1 6
41 7 4
42 2 14
43 7 20
44 2 5
45 0 1
46 7 1
47 8 15
48 11 5
49 3 2
50 5 3
51 13 11
52 5 7
53 10 1
ORS: day OR start end
0 0 0 32
0 1 0 32
1 0 0 32
1 1 0 32
2 0 0 32
2 1 0 32
3 0 0 32
3 1 0 32
4 0 0 32
4 1 0 32
start times:
0 8 16 24
end times:
8 16 24 32
load:
1.2