12 47 1 5
patients: ID surgeon priority leader_priority duration
0 9 9
1 2 4
2 0 4
3 6 6
4 3 12
5 9 3
6 3 2
7 11 1
8 11 6
9 6 3
10 3 20
11 6 4
12 7 1
13 11 6
14 4 6
15 2 6
16 8 12
17 8 8
18 4 8
19 0 13
20 1 6
21 11 6
22 1 1
23 7 18
24 7 6
25 10 4
26 11 2
27 5 4
28 9 1
29 6 16
30 0 14
31 2 5
32 7 2
33 2 12
34 9 6
35 0 4
36 7 9
37 10 5
38 3 3
39 10 10
40 9 8
41 0 6
42 8 9
43 9 6
44 5 18
45 2 2
46 8 1
ORS: day OR start end
0 0 0 32
1 0 0 32
2 0 0 32
3 0 0 32
4 0 0 32
start times:
0 8 16 24
end times:
8 16 24 32
load:
1.9875