10 59 1 5
patients: ID surgeon priority leader_priority duration
0 1 20
1 8 1
2 7 4
3 4 3
4 3 10
5 6 12
6 2 2
7 6 12
8 0 6
9 0 1
10 6 3
11 3 13
12 9 11
13 0 3
14 4 3
15 8 3
16 3 12
17 9 2
18 0 6
19 6 8
20 6 7
21 1 7
22 1 3
23 3 10
24 1 9
25 8 14
26 6 6
27 1 2
28 1 3
29 3 1
30 4 6
31 0 5
32 5 13
33 3 13
34 4 2
35 8 5
36 1 4
37 7 2
38 9 2
39 7 7
40 9 10
41 4 2
42 9 7
43 8 5
44 6 6
45 2 4
46 1 3
47 6 18
48 4 2
49 4 11
50 0 5
51 4 18
52 9 1
53 9 7
54 8 3
55 2 17
56 1 3
57 3 7
58 9 2
ORS: day OR start end
0 0 0 32
1 0 0 32
2 0 0 32
3 0 0 32
4 0 0 32
start times:
0 8 16 24
end times:
8 16 24 32
load:
2.41875