14 59 1 5
patients: ID surgeon priority leader_priority duration
0 10 20
1 9 1
2 6 4
3 9 3
4 4 10
5 10 12
6 8 2
7 6 12
8 0 6
9 6 1
10 7 3
11 7 13
12 5 11
13 5 3
14 6 3
15 11 3
16 9 12
17 7 2
18 12 6
19 0 8
20 2 7
21 2 7
22 7 3
23 12 10
24 12 9
25 12 14
26 7 6
27 12 2
28 11 3
29 7 1
30 13 6
31 2 5
32 6 13
33 9 13
34 4 2
35 2 5
36 2 4
37 7 2
38 9 2
39 0 7
40 10 10
41 1 2
42 9 7
43 6 5
44 11 6
45 8 4
46 2 3
47 2 18
48 11 2
49 6 11
50 12 5
51 3 18
52 4 1
53 11 7
54 6 3
55 11 17
56 5 3
57 4 7
58 8 2
ORS: day OR start end
0 0 0 32
1 0 0 32
2 0 0 32
3 0 0 32
4 0 0 32
start times:
0 8 16 24
end times:
8 16 24 32
load:
2.41875