20 167 4 5
patients: ID surgeon priority leader_priority duration
0 4 1
1 14 6
2 7 4
3 6 7
4 3 11
5 13 6
6 11 6
7 8 2
8 17 6
9 6 4
10 19 6
11 6 6
12 0 14
13 11 6
14 9 3
15 12 2
16 0 6
17 18 15
18 18 15
19 17 7
20 15 5
21 1 1
22 11 10
23 17 7
24 16 5
25 17 5
26 16 14
27 11 2
28 3 1
29 11 10
30 14 4
31 13 5
32 19 13
33 15 14
34 10 5
35 9 11
36 12 6
37 14 8
38 7 7
39 12 13
40 5 10
41 18 6
42 3 4
43 4 6
44 8 7
45 18 6
46 17 10
47 3 5
48 11 3
49 12 3
50 2 12
51 15 8
52 4 5
53 3 6
54 11 15
55 11 1
56 10 3
57 3 4
58 0 10
59 16 8
60 0 11
61 0 6
62 16 13
63 10 5
64 8 4
65 2 5
66 9 3
67 0 2
68 18 7
69 15 3
70 6 5
71 15 3
72 2 4
73 10 11
74 14 3
75 3 8
76 1 11
77 8 2
78 7 5
79 17 7
80 11 10
81 16 6
82 10 14
83 3 6
84 16 3
85 9 13
86 0 3
87 7 14
88 2 5
89 15 6
90 10 3
91 3 2
92 12 7
93 2 4
94 12 18
95 7 10
96 8 14
97 19 10
98 14 1
99 10 12
100 6 10
101 1 17
102 12 3
103 1 6
104 6 7
105 15 6
106 18 6
107 1 18
108 14 14
109 16 4
110 1 3
111 0 4
112 1 16
113 9 1
114 1 4
115 12 6
116 11 6
117 19 5
118 6 4
119 3 4
120 3 7
121 13 14
122 4 4
123 14 6
124 1 2
125 7 6
126 2 5
127 5 14
128 1 6
129 9 12
130 9 5
131 9 11
132 11 7
133 2 4
134 0 6
135 3 3
136 10 3
137 19 6
138 13 7
139 11 11
140 19 3
141 6 18
142 11 7
143 1 6
144 1 3
145 8 4
146 17 6
147 19 7
148 7 1
149 14 8
150 6 2
151 1 3
152 11 3
153 0 8
154 14 12
155 4 4
156 18 7
157 17 3
158 18 7
159 18 12
160 7 12
161 11 12
162 16 4
163 2 12
164 15 5
165 12 9
166 4 1
ORS: day OR start end
0 0 0 32
0 1 0 32
0 2 0 32
0 3 0 32
1 0 0 32
1 1 0 32
1 2 0 32
1 3 0 32
2 0 0 32
2 1 0 32
2 2 0 32
2 3 0 32
3 0 0 32
3 1 0 32
3 2 0 32
3 3 0 32
4 0 0 32
4 1 0 32
4 2 0 32
4 3 0 32
start times:
0 8 16 24
end times:
8 16 24 32
load:
1.8