14 49 1 5
patients: ID surgeon priority leader_priority duration
0 11 6
1 11 20
2 0 6
3 1 7
4 1 15
5 3 6
6 5 11
7 4 6
8 11 10
9 3 6
10 3 3
11 5 7
12 8 18
13 5 5
14 13 3
15 1 14
16 3 6
17 8 2
18 7 5
19 6 3
20 3 2
21 0 5
22 5 2
23 0 3
24 4 11
25 10 2
26 12 6
27 13 3
28 7 4
29 0 7
30 4 6
31 5 3
32 11 3
33 0 6
34 9 25
35 5 4
36 13 10
37 12 5
38 11 14
39 5 3
40 7 10
41 1 3
42 5 2
43 11 4
44 10 5
45 0 10
46 13 6
47 7 1
48 9 1
ORS: day OR start end
0 0 0 32
1 0 0 32
2 0 0 32
3 0 0 32
4 0 0 32
start times:
0 8 16 24
end times:
8 16 24 32
load:
2.03125