14 60 1 5
patients: ID surgeon priority leader_priority duration
0 1 1
1 0 1
2 9 3
3 2 2
4 4 10
5 12 4
6 12 3
7 9 7
8 2 18
9 7 13
10 10 4
11 8 2
12 12 13
13 4 10
14 11 8
15 8 7
16 13 3
17 4 3
18 6 6
19 3 10
20 9 4
21 5 11
22 9 1
23 12 1
24 7 1
25 3 9
26 6 3
27 3 2
28 6 3
29 6 7
30 6 16
31 3 18
32 8 13
33 6 18
34 1 9
35 0 16
36 9 8
37 5 3
38 4 3
39 2 5
40 0 6
41 12 18
42 0 5
43 5 2
44 13 3
45 7 3
46 8 6
47 1 4
48 0 4
49 5 12
50 12 13
51 6 9
52 6 4
53 0 3
54 3 3
55 13 3
56 11 18
57 0 4
58 3 17
59 9 3
ORS: day OR start end
0 0 0 32
1 0 0 32
2 0 0 32
3 0 0 32
4 0 0 32
start times:
0 8 16 24
end times:
8 16 24 32
load:
2.61875