12 49 1 5
patients: ID surgeon priority leader_priority duration
0 7 6
1 6 20
2 7 6
3 3 7
4 3 15
5 6 6
6 5 11
7 7 6
8 10 10
9 4 6
10 11 3
11 11 7
12 8 18
13 6 5
14 3 3
15 11 14
16 11 6
17 8 2
18 11 5
19 1 3
20 2 2
21 10 5
22 1 2
23 5 3
24 6 11
25 7 2
26 4 6
27 9 3
28 2 4
29 3 7
30 3 6
31 6 3
32 10 3
33 8 6
34 3 25
35 0 4
36 3 10
37 7 5
38 5 14
39 10 3
40 9 10
41 8 3
42 11 2
43 11 4
44 10 5
45 6 10
46 8 6
47 6 1
48 5 1
ORS: day OR start end
0 0 0 32
1 0 0 32
2 0 0 32
3 0 0 32
4 0 0 32
start times:
0 8 16 24
end times:
8 16 24 32
load:
2.03125