10 60 1 5
patients: ID surgeon priority leader_priority duration
0 9 1
1 4 1
2 8 3
3 8 2
4 2 10
5 4 4
6 6 3
7 5 7
8 7 18
9 4 13
10 4 4
11 7 2
12 0 13
13 3 10
14 7 8
15 0 7
16 0 3
17 6 3
18 7 6
19 1 10
20 7 4
21 2 11
22 7 1
23 1 1
24 3 1
25 3 9
26 7 3
27 2 2
28 5 3
29 3 7
30 9 16
31 5 18
32 4 13
33 6 18
34 0 9
35 1 16
36 5 8
37 7 3
38 6 3
39 6 5
40 1 6
41 4 18
42 3 5
43 7 2
44 2 3
45 0 3
46 9 6
47 2 4
48 8 4
49 0 12
50 7 13
51 5 9
52 4 4
53 5 3
54 3 3
55 2 3
56 5 18
57 2 4
58 9 17
59 3 3
ORS: day OR start end
0 0 0 32
1 0 0 32
2 0 0 32
3 0 0 32
4 0 0 32
start times:
0 8 16 24
end times:
8 16 24 32
load:
2.61875