12 59 1 5
patients: ID surgeon priority leader_priority duration
0 4 20
1 6 1
2 5 4
3 9 3
4 4 10
5 9 12
6 7 2
7 5 12
8 2 6
9 2 1
10 7 3
11 11 13
12 8 11
13 10 3
14 8 3
15 7 3
16 11 12
17 5 2
18 1 6
19 0 8
20 3 7
21 8 7
22 9 3
23 5 10
24 11 9
25 10 14
26 7 6
27 8 2
28 9 3
29 9 1
30 7 6
31 11 5
32 2 13
33 1 13
34 8 2
35 5 5
36 9 4
37 3 2
38 5 2
39 2 7
40 1 10
41 7 2
42 5 7
43 8 5
44 9 6
45 6 4
46 1 3
47 6 18
48 7 2
49 10 11
50 1 5
51 6 18
52 3 1
53 4 7
54 0 3
55 1 17
56 7 3
57 8 7
58 2 2
ORS: day OR start end
0 0 0 32
1 0 0 32
2 0 0 32
3 0 0 32
4 0 0 32
start times:
0 8 16 24
end times:
8 16 24 32
load:
2.41875