12 115 2 5
patients: ID surgeon priority leader_priority duration
0 5 11
1 0 2
2 10 18
3 11 6
4 10 6
5 6 7
6 6 18
7 2 6
8 6 10
9 10 8
10 8 11
11 8 1
12 8 1
13 1 13
14 6 16
15 8 5
16 4 11
17 5 4
18 9 2
19 2 3
20 6 5
21 8 17
22 4 4
23 8 2
24 3 6
25 10 4
26 1 16
27 11 6
28 2 3
29 3 10
30 6 10
31 3 6
32 7 13
33 8 5
34 0 4
35 11 11
36 5 10
37 11 4
38 9 6
39 1 5
40 8 1
41 7 12
42 4 10
43 5 12
44 2 1
45 7 1
46 0 11
47 3 6
48 6 12
49 2 12
50 0 6
51 1 3
52 4 7
53 8 6
54 1 12
55 1 1
56 3 2
57 1 2
58 9 3
59 9 12
60 2 14
61 9 2
62 8 1
63 10 7
64 1 3
65 1 17
66 3 6
67 7 3
68 0 5
69 10 6
70 3 1
71 0 12
72 5 11
73 7 16
74 4 3
75 0 6
76 10 10
77 5 25
78 1 14
79 5 6
80 3 10
81 2 2
82 10 7
83 9 7
84 11 1
85 8 4
86 0 1
87 8 5
88 4 5
89 5 5
90 4 2
91 10 3
92 11 13
93 3 14
94 7 14
95 9 10
96 8 6
97 3 16
98 4 4
99 2 5
100 1 6
101 3 14
102 10 14
103 9 3
104 5 4
105 4 6
106 5 1
107 5 2
108 0 18
109 7 4
110 7 4
111 2 3
112 4 5
113 2 11
114 9 1
ORS: day OR start end
0 0 0 32
0 1 0 32
1 0 0 32
1 1 0 32
2 0 0 32
2 1 0 32
3 0 0 32
3 1 0 32
4 0 0 32
4 1 0 32
start times:
0 8 16 24
end times:
8 16 24 32
load:
2.6125