10 115 2 5
patients: ID surgeon priority leader_priority duration
0 8 11
1 9 2
2 7 18
3 2 6
4 5 6
5 0 7
6 3 18
7 8 6
8 8 10
9 6 8
10 2 11
11 8 1
12 8 1
13 7 13
14 2 16
15 5 5
16 8 11
17 3 4
18 1 2
19 3 3
20 0 5
21 2 17
22 0 4
23 2 2
24 4 6
25 1 4
26 8 16
27 1 6
28 8 3
29 0 10
30 3 10
31 2 6
32 0 13
33 1 5
34 8 4
35 7 11
36 2 10
37 0 4
38 0 6
39 5 5
40 2 1
41 6 12
42 7 10
43 1 12
44 1 1
45 7 1
46 5 11
47 8 6
48 3 12
49 3 12
50 9 6
51 3 3
52 7 7
53 1 6
54 1 12
55 1 1
56 5 2
57 0 2
58 6 3
59 9 12
60 2 14
61 9 2
62 2 1
63 9 7
64 4 3
65 9 17
66 0 6
67 2 3
68 3 5
69 2 6
70 2 1
71 8 12
72 1 11
73 2 16
74 7 3
75 8 6
76 2 10
77 5 25
78 4 14
79 7 6
80 3 10
81 0 2
82 2 7
83 9 7
84 6 1
85 4 4
86 6 1
87 7 5
88 4 5
89 7 5
90 4 2
91 6 3
92 2 13
93 3 14
94 3 14
95 4 10
96 7 6
97 6 16
98 9 4
99 5 5
100 8 6
101 6 14
102 5 14
103 9 3
104 2 4
105 0 6
106 2 1
107 9 2
108 3 18
109 0 4
110 1 4
111 1 3
112 8 5
113 8 11
114 5 1
ORS: day OR start end
0 0 0 32
0 1 0 32
1 0 0 32
1 1 0 32
2 0 0 32
2 1 0 32
3 0 0 32
3 1 0 32
4 0 0 32
4 1 0 32
start times:
0 8 16 24
end times:
8 16 24 32
load:
2.6125