12 60 1 5
patients: ID surgeon priority leader_priority duration
0 7 1
1 0 1
2 5 3
3 6 2
4 7 10
5 4 4
6 10 3
7 4 7
8 4 18
9 11 13
10 7 4
11 3 2
12 5 13
13 5 10
14 10 8
15 5 7
16 2 3
17 4 3
18 9 6
19 11 10
20 0 4
21 8 11
22 2 1
23 5 1
24 7 1
25 0 9
26 2 3
27 10 2
28 5 3
29 3 7
30 9 16
31 6 18
32 0 13
33 0 18
34 8 9
35 11 16
36 8 8
37 2 3
38 9 3
39 8 5
40 5 6
41 7 18
42 11 5
43 6 2
44 10 3
45 2 3
46 8 6
47 3 4
48 4 4
49 1 12
50 8 13
51 9 9
52 1 4
53 7 3
54 0 3
55 4 3
56 0 18
57 4 4
58 2 17
59 3 3
ORS: day OR start end
0 0 0 32
1 0 0 32
2 0 0 32
3 0 0 32
4 0 0 32
start times:
0 8 16 24
end times:
8 16 24 32
load:
2.61875