10 49 1 5
patients: ID surgeon priority leader_priority duration
0 4 6
1 6 20
2 0 6
3 3 7
4 6 15
5 1 6
6 2 11
7 6 6
8 8 10
9 3 6
10 5 3
11 5 7
12 9 18
13 1 5
14 0 3
15 1 14
16 1 6
17 2 2
18 6 5
19 7 3
20 6 2
21 4 5
22 4 2
23 3 3
24 9 11
25 4 2
26 3 6
27 6 3
28 4 4
29 3 7
30 8 6
31 4 3
32 2 3
33 9 6
34 5 25
35 0 4
36 6 10
37 0 5
38 4 14
39 8 3
40 7 10
41 2 3
42 0 2
43 8 4
44 2 5
45 2 10
46 5 6
47 0 1
48 2 1
ORS: day OR start end
0 0 0 32
1 0 0 32
2 0 0 32
3 0 0 32
4 0 0 32
start times:
0 8 16 24
end times:
8 16 24 32
load:
2.03125