14 71 2 5
patients: ID surgeon priority leader_priority duration
0 2 2
1 8 16
2 9 11
3 8 6
4 7 13
5 2 8
6 7 6
7 0 3
8 5 5
9 6 6
10 1 6
11 12 6
12 13 5
13 13 7
14 9 7
15 0 6
16 0 8
17 5 3
18 9 2
19 9 6
20 1 6
21 8 1
22 4 3
23 0 6
24 3 5
25 13 6
26 12 15
27 1 6
28 11 3
29 10 7
30 9 7
31 0 9
32 5 3
33 3 1
34 12 10
35 12 14
36 8 7
37 11 1
38 2 3
39 10 5
40 2 8
41 6 7
42 9 7
43 3 5
44 0 4
45 13 9
46 7 6
47 4 7
48 0 6
49 9 6
50 2 5
51 7 12
52 2 5
53 0 3
54 3 10
55 6 14
56 11 1
57 9 15
58 2 6
59 1 2
60 8 7
61 13 10
62 6 18
63 4 6
64 5 1
65 9 7
66 0 18
67 7 8
68 1 10
69 6 4
70 0 6
ORS: day OR start end
0 0 0 32
0 1 0 32
1 0 0 32
1 1 0 32
2 0 0 32
2 1 0 32
3 0 0 32
3 1 0 32
4 0 0 32
4 1 0 32
start times:
0 8 16 24
end times:
8 16 24 32
load:
1.509375