8 60 1 5
patients: ID surgeon priority leader_priority duration
0 5 1
1 2 1
2 2 3
3 0 2
4 1 10
5 5 4
6 3 3
7 4 7
8 3 18
9 3 13
10 0 4
11 1 2
12 6 13
13 6 10
14 7 8
15 7 7
16 1 3
17 3 3
18 0 6
19 6 10
20 0 4
21 4 11
22 5 1
23 7 1
24 6 1
25 7 9
26 2 3
27 3 2
28 3 3
29 1 7
30 7 16
31 6 18
32 0 13
33 7 18
34 7 9
35 1 16
36 4 8
37 6 3
38 2 3
39 1 5
40 6 6
41 4 18
42 5 5
43 1 2
44 1 3
45 0 3
46 7 6
47 7 4
48 3 4
49 5 12
50 2 13
51 1 9
52 3 4
53 2 3
54 6 3
55 5 3
56 4 18
57 1 4
58 7 17
59 1 3
ORS: day OR start end
0 0 0 32
1 0 0 32
2 0 0 32
3 0 0 32
4 0 0 32
start times:
0 8 16 24
end times:
8 16 24 32
load:
2.61875