8 49 1 5
patients: ID surgeon priority leader_priority duration
0 0 6
1 6 20
2 3 6
3 7 7
4 4 15
5 4 6
6 5 11
7 7 6
8 0 10
9 1 6
10 6 3
11 0 7
12 6 18
13 5 5
14 5 3
15 7 14
16 3 6
17 5 2
18 5 5
19 3 3
20 6 2
21 3 5
22 3 2
23 6 3
24 5 11
25 5 2
26 6 6
27 7 3
28 6 4
29 0 7
30 2 6
31 5 3
32 4 3
33 3 6
34 5 25
35 1 4
36 3 10
37 1 5
38 7 14
39 1 3
40 1 10
41 5 3
42 4 2
43 3 4
44 2 5
45 5 10
46 5 6
47 6 1
48 4 1
ORS: day OR start end
0 0 0 32
1 0 0 32
2 0 0 32
3 0 0 32
4 0 0 32
start times:
0 8 16 24
end times:
8 16 24 32
load:
2.03125