10 53 1 5
patients: ID surgeon priority leader_priority duration
0 4 6
1 8 1
2 1 10
3 3 13
4 8 3
5 0 6
6 5 4
7 4 18
8 0 3
9 8 5
10 1 2
11 9 8
12 0 5
13 6 6
14 5 5
15 8 10
16 0 7
17 4 9
18 7 1
19 9 10
20 6 5
21 4 12
22 7 2
23 9 7
24 3 6
25 2 3
26 2 6
27 2 2
28 1 18
29 5 4
30 4 6
31 1 17
32 9 4
33 0 11
34 2 17
35 8 12
36 0 2
37 0 4
38 7 5
39 9 5
40 0 10
41 2 8
42 8 3
43 2 4
44 5 6
45 0 18
46 6 18
47 4 4
48 6 18
49 8 2
50 8 9
51 2 1
52 0 2
ORS: day OR start end
0 0 0 32
1 0 0 32
2 0 0 32
3 0 0 32
4 0 0 32
start times:
0 8 16 24
end times:
8 16 24 32
load:
2.39375