12 56 1 5
patients: ID surgeon priority leader_priority duration
0 10 5
1 7 10
2 3 11
3 11 4
4 7 3
5 11 11
6 2 5
7 10 10
8 3 8
9 11 4
10 4 9
11 0 6
12 7 6
13 4 5
14 8 4
15 5 3
16 2 5
17 2 5
18 0 8
19 3 10
20 1 5
21 0 5
22 0 2
23 10 7
24 7 1
25 9 3
26 5 13
27 9 3
28 1 6
29 7 6
30 1 2
31 4 4
32 10 11
33 2 13
34 3 1
35 9 6
36 0 2
37 3 4
38 8 2
39 10 8
40 1 10
41 5 13
42 5 6
43 5 4
44 3 6
45 1 3
46 9 12
47 3 4
48 1 4
49 7 2
50 7 5
51 6 1
52 3 5
53 4 4
54 10 18
55 1 18
ORS: day OR start end
0 0 0 32
1 0 0 32
2 0 0 32
3 0 0 32
4 0 0 32
start times:
0 8 16 24
end times:
8 16 24 32
load:
2.19375