10 56 1 5
patients: ID surgeon priority leader_priority duration
0 1 5
1 8 10
2 7 11
3 5 4
4 6 3
5 4 11
6 7 5
7 9 10
8 7 8
9 7 4
10 5 9
11 3 6
12 5 6
13 9 5
14 3 4
15 9 3
16 7 5
17 0 5
18 2 8
19 3 10
20 9 5
21 3 5
22 6 2
23 9 7
24 5 1
25 0 3
26 2 13
27 6 3
28 5 6
29 9 6
30 1 2
31 7 4
32 1 11
33 6 13
34 3 1
35 5 6
36 8 2
37 4 4
38 8 2
39 1 8
40 8 10
41 1 13
42 6 6
43 1 4
44 3 6
45 6 3
46 4 12
47 8 4
48 8 4
49 8 2
50 1 5
51 4 1
52 5 5
53 9 4
54 7 18
55 6 18
ORS: day OR start end
0 0 0 32
1 0 0 32
2 0 0 32
3 0 0 32
4 0 0 32
start times:
0 8 16 24
end times:
8 16 24 32
load:
2.19375