14 52 2 5
patients: ID surgeon priority leader_priority duration
0 8 8
1 3 13
2 0 7
3 7 3
4 0 18
5 11 6
6 1 7
7 6 5
8 7 1
9 5 13
10 7 29
11 1 9
12 10 9
13 7 13
14 10 1
15 9 3
16 11 6
17 2 1
18 8 3
19 7 3
20 2 8
21 0 1
22 8 6
23 6 6
24 11 4
25 3 3
26 1 5
27 1 1
28 12 3
29 6 7
30 5 6
31 7 7
32 5 4
33 13 6
34 2 18
35 8 1
36 10 2
37 8 6
38 2 7
39 4 6
40 0 3
41 2 9
42 0 18
43 9 16
44 9 10
45 2 2
46 13 6
47 9 7
48 1 11
49 12 7
50 12 27
51 11 6
ORS: day OR start end
0 0 0 32
0 1 0 32
1 0 0 32
1 1 0 32
2 0 0 32
2 1 0 32
3 0 0 32
3 1 0 32
4 0 0 32
4 1 0 32
start times:
0 8 16 24
end times:
8 16 24 32
load:
1.209375