12 53 1 5
patients: ID surgeon priority leader_priority duration
0 11 6
1 11 1
2 7 10
3 9 13
4 2 3
5 10 6
6 6 4
7 5 18
8 2 3
9 1 5
10 7 2
11 10 8
12 10 5
13 8 6
14 1 5
15 5 10
16 8 7
17 4 9
18 6 1
19 7 10
20 0 5
21 10 12
22 8 2
23 2 7
24 3 6
25 3 3
26 8 6
27 3 2
28 7 18
29 4 4
30 10 6
31 5 17
32 1 4
33 5 11
34 9 17
35 9 12
36 0 2
37 5 4
38 7 5
39 5 5
40 0 10
41 9 8
42 2 3
43 9 4
44 3 6
45 5 18
46 7 18
47 8 4
48 9 18
49 2 2
50 6 9
51 11 1
52 10 2
ORS: day OR start end
0 0 0 32
1 0 0 32
2 0 0 32
3 0 0 32
4 0 0 32
start times:
0 8 16 24
end times:
8 16 24 32
load:
2.39375