10 91 2 5
patients: ID surgeon priority leader_priority duration
0 7 4
1 5 3
2 6 7
3 8 15
4 7 3
5 2 5
6 6 3
7 6 9
8 1 18
9 9 2
10 0 2
11 3 15
12 0 5
13 8 16
14 4 1
15 7 25
16 7 3
17 6 1
18 6 4
19 1 6
20 2 8
21 2 15
22 5 11
23 8 2
24 6 6
25 2 10
26 0 14
27 4 11
28 2 17
29 5 4
30 6 2
31 2 4
32 0 6
33 4 3
34 6 15
35 8 3
36 1 8
37 7 6
38 9 3
39 7 4
40 9 4
41 7 5
42 2 3
43 2 4
44 3 11
45 3 10
46 6 16
47 1 4
48 8 6
49 1 1
50 5 1
51 4 9
52 6 5
53 9 3
54 2 8
55 7 11
56 3 12
57 2 7
58 1 11
59 5 5
60 3 8
61 6 3
62 6 7
63 6 6
64 2 5
65 4 17
66 6 8
67 8 7
68 8 3
69 7 6
70 6 17
71 1 1
72 6 3
73 5 5
74 8 2
75 1 4
76 3 8
77 6 18
78 1 6
79 2 24
80 8 12
81 2 2
82 2 6
83 1 3
84 0 1
85 6 2
86 1 3
87 1 4
88 6 5
89 2 3
90 3 10
ORS: day OR start end
0 0 0 32
0 1 0 32
1 0 0 32
1 1 0 32
2 0 0 32
2 1 0 32
3 0 0 32
3 1 0 32
4 0 0 32
4 1 0 32
start times:
0 8 16 24
end times:
8 16 24 32
load:
2.0125