14 53 1 5
patients: ID surgeon priority leader_priority duration
0 1 6
1 1 1
2 5 10
3 8 13
4 1 3
5 6 6
6 4 4
7 13 18
8 7 3
9 10 5
10 1 2
11 11 8
12 0 5
13 12 6
14 2 5
15 8 10
16 1 7
17 11 9
18 13 1
19 1 10
20 8 5
21 6 12
22 0 2
23 11 7
24 4 6
25 11 3
26 12 6
27 13 2
28 13 18
29 5 4
30 10 6
31 10 17
32 8 4
33 11 11
34 1 17
35 4 12
36 5 2
37 9 4
38 12 5
39 4 5
40 2 10
41 1 8
42 1 3
43 11 4
44 5 6
45 10 18
46 8 18
47 6 4
48 10 18
49 7 2
50 7 9
51 6 1
52 1 2
ORS: day OR start end
0 0 0 32
1 0 0 32
2 0 0 32
3 0 0 32
4 0 0 32
start times:
0 8 16 24
end times:
8 16 24 32
load:
2.39375