14 56 1 5
patients: ID surgeon priority leader_priority duration
0 9 5
1 12 10
2 12 11
3 0 4
4 3 3
5 13 11
6 5 5
7 6 10
8 4 8
9 9 4
10 7 9
11 4 6
12 5 6
13 9 5
14 2 4
15 2 3
16 9 5
17 5 5
18 7 8
19 1 10
20 1 5
21 4 5
22 13 2
23 9 7
24 4 1
25 11 3
26 7 13
27 13 3
28 3 6
29 10 6
30 8 2
31 11 4
32 0 11
33 2 13
34 2 1
35 3 6
36 10 2
37 11 4
38 11 2
39 11 8
40 10 10
41 1 13
42 6 6
43 12 4
44 10 6
45 13 3
46 5 12
47 13 4
48 5 4
49 10 2
50 11 5
51 11 1
52 12 5
53 4 4
54 6 18
55 2 18
ORS: day OR start end
0 0 0 32
1 0 0 32
2 0 0 32
3 0 0 32
4 0 0 32
start times:
0 8 16 24
end times:
8 16 24 32
load:
2.19375