20 118 4 5
patients: ID surgeon priority leader_priority duration
0 7 7
1 0 18
2 12 18
3 6 7
4 3 10
5 14 5
6 14 1
7 4 4
8 9 5
9 7 12
10 14 3
11 17 11
12 10 3
13 1 6
14 14 18
15 9 5
16 12 14
17 18 3
18 3 16
19 3 7
20 1 8
21 19 8
22 1 12
23 9 19
24 19 7
25 1 2
26 15 11
27 16 8
28 18 6
29 11 3
30 19 8
31 19 8
32 3 5
33 12 7
34 6 6
35 4 18
36 19 15
37 13 3
38 8 10
39 4 17
40 19 2
41 10 6
42 12 4
43 18 6
44 6 9
45 3 3
46 13 4
47 16 17
48 3 1
49 5 3
50 3 5
51 9 2
52 7 7
53 11 6
54 0 2
55 12 5
56 1 12
57 12 10
58 1 6
59 1 2
60 4 5
61 16 4
62 14 6
63 17 6
64 7 10
65 11 14
66 13 5
67 4 10
68 9 12
69 6 1
70 19 3
71 17 2
72 9 6
73 15 4
74 17 1
75 14 1
76 15 6
77 5 4
78 10 1
79 13 10
80 15 6
81 6 4
82 4 2
83 9 3
84 10 5
85 1 6
86 18 4
87 19 4
88 10 4
89 6 4
90 17 4
91 5 5
92 6 3
93 0 10
94 0 4
95 17 4
96 1 3
97 3 5
98 11 5
99 15 8
100 2 6
101 14 10
102 15 5
103 8 6
104 10 5
105 10 7
106 17 3
107 5 6
108 13 6
109 1 5
110 9 2
111 15 18
112 5 1
113 15 2
114 5 3
115 1 9
116 4 4
117 19 3
ORS: day OR start end
0 0 0 32
0 1 0 32
0 2 0 32
0 3 0 32
1 0 0 32
1 1 0 32
1 2 0 32
1 3 0 32
2 0 0 32
2 1 0 32
2 2 0 32
2 3 0 32
3 0 0 32
3 1 0 32
3 2 0 32
3 3 0 32
4 0 0 32
4 1 0 32
4 2 0 32
4 3 0 32
start times:
0 8 16 24
end times:
8 16 24 32
load:
1.2046875