12 91 2 5
patients: ID surgeon priority leader_priority duration
0 6 4
1 1 3
2 11 7
3 1 15
4 8 3
5 11 5
6 7 3
7 8 9
8 11 18
9 2 2
10 4 2
11 10 15
12 4 5
13 8 16
14 3 1
15 6 25
16 7 3
17 4 1
18 11 4
19 3 6
20 1 8
21 11 15
22 9 11
23 4 2
24 0 6
25 1 10
26 11 14
27 2 11
28 10 17
29 9 4
30 8 2
31 4 4
32 10 6
33 0 3
34 1 15
35 1 3
36 5 8
37 8 6
38 1 3
39 10 4
40 8 4
41 8 5
42 10 3
43 2 4
44 7 11
45 10 10
46 11 16
47 3 4
48 8 6
49 6 1
50 1 1
51 6 9
52 0 5
53 11 3
54 8 8
55 0 11
56 1 12
57 10 7
58 10 11
59 0 5
60 6 8
61 8 3
62 11 7
63 2 6
64 7 5
65 10 17
66 8 8
67 5 7
68 8 3
69 10 6
70 3 17
71 8 1
72 10 3
73 6 5
74 1 2
75 7 4
76 2 8
77 4 18
78 1 6
79 1 24
80 10 12
81 5 2
82 1 6
83 3 3
84 7 1
85 1 2
86 10 3
87 5 4
88 8 5
89 6 3
90 3 10
ORS: day OR start end
0 0 0 32
0 1 0 32
1 0 0 32
1 1 0 32
2 0 0 32
2 1 0 32
3 0 0 32
3 1 0 32
4 0 0 32
4 1 0 32
start times:
0 8 16 24
end times:
8 16 24 32
load:
2.0125