14 64 2 5
patients: ID surgeon priority leader_priority duration
0 13 12
1 9 13
2 0 10
3 9 7
4 3 11
5 4 8
6 7 3
7 8 5
8 2 5
9 13 11
10 0 1
11 6 13
12 3 5
13 12 10
14 8 13
15 13 4
16 3 2
17 9 5
18 13 3
19 4 3
20 4 10
21 13 9
22 3 6
23 6 7
24 6 16
25 1 16
26 9 8
27 7 10
28 11 5
29 3 18
30 9 6
31 2 3
32 7 9
33 4 6
34 7 5
35 8 5
36 11 14
37 11 3
38 0 14
39 4 3
40 1 3
41 11 3
42 1 7
43 10 6
44 6 18
45 9 6
46 6 6
47 2 3
48 9 4
49 2 6
50 6 18
51 5 14
52 4 10
53 1 3
54 9 5
55 7 3
56 10 13
57 0 14
58 9 6
59 6 6
60 13 4
61 4 2
62 11 1
63 7 5
ORS: day OR start end
0 0 0 32
0 1 0 32
1 0 0 32
1 1 0 32
2 0 0 32
2 1 0 32
3 0 0 32
3 1 0 32
4 0 0 32
4 1 0 32
start times:
0 8 16 24
end times:
8 16 24 32
load:
1.509375