14 65 1 5
patients: ID surgeon priority leader_priority duration
0 2 12
1 1 6
2 3 2
3 9 3
4 7 4
5 8 7
6 3 1
7 12 11
8 8 7
9 12 10
10 2 18
11 0 2
12 10 8
13 3 4
14 11 10
15 12 6
16 6 11
17 5 4
18 11 3
19 3 6
20 7 2
21 2 5
22 10 2
23 5 4
24 13 5
25 11 6
26 10 6
27 2 5
28 12 2
29 2 3
30 12 9
31 4 6
32 8 18
33 0 1
34 11 3
35 12 7
36 9 7
37 6 11
38 3 3
39 6 14
40 2 8
41 12 6
42 1 18
43 2 4
44 5 3
45 13 4
46 1 6
47 2 4
48 8 2
49 6 5
50 13 10
51 1 1
52 4 20
53 2 1
54 4 6
55 13 11
56 2 1
57 7 3
58 13 17
59 4 2
60 5 13
61 0 4
62 6 2
63 1 3
64 3 10
ORS: day OR start end
0 0 0 32
1 0 0 32
2 0 0 32
3 0 0 32
4 0 0 32
start times:
0 8 16 24
end times:
8 16 24 32
load:
2.6125