10 65 1 5
patients: ID surgeon priority leader_priority duration
0 6 12
1 3 6
2 9 2
3 4 3
4 1 4
5 3 7
6 3 1
7 9 11
8 9 7
9 6 10
10 2 18
11 9 2
12 5 8
13 1 4
14 6 10
15 5 6
16 4 11
17 7 4
18 8 3
19 1 6
20 8 2
21 9 5
22 0 2
23 7 4
24 4 5
25 9 6
26 7 6
27 2 5
28 8 2
29 1 3
30 9 9
31 1 6
32 2 18
33 7 1
34 0 3
35 7 7
36 3 7
37 5 11
38 4 3
39 2 14
40 5 8
41 8 6
42 0 18
43 0 4
44 1 3
45 9 4
46 5 6
47 8 4
48 0 2
49 5 5
50 2 10
51 8 1
52 4 20
53 2 1
54 7 6
55 8 11
56 6 1
57 9 3
58 4 17
59 3 2
60 3 13
61 2 4
62 0 2
63 1 3
64 4 10
ORS: day OR start end
0 0 0 32
1 0 0 32
2 0 0 32
3 0 0 32
4 0 0 32
start times:
0 8 16 24
end times:
8 16 24 32
load:
2.6125