20 112 4 5
patients: ID surgeon priority leader_priority duration
0 16 10
1 12 3
2 5 6
3 1 11
4 10 8
5 14 6
6 5 5
7 17 3
8 3 1
9 5 9
10 9 2
11 16 2
12 15 6
13 9 6
14 1 5
15 7 3
16 19 8
17 0 3
18 16 10
19 17 11
20 16 2
21 19 8
22 18 4
23 2 8
24 16 6
25 8 12
26 19 8
27 3 6
28 9 10
29 10 10
30 9 8
31 3 3
32 9 6
33 19 10
34 11 5
35 13 6
36 12 6
37 16 4
38 19 18
39 7 1
40 0 10
41 14 7
42 9 6
43 9 5
44 14 10
45 7 2
46 12 16
47 9 6
48 12 10
49 8 14
50 0 2
51 9 1
52 0 2
53 6 1
54 7 4
55 10 11
56 3 5
57 5 6
58 17 1
59 16 14
60 17 3
61 13 2
62 8 11
63 17 3
64 5 6
65 1 6
66 19 3
67 1 18
68 13 6
69 18 1
70 7 3
71 10 14
72 3 3
73 1 14
74 1 14
75 8 18
76 2 5
77 4 5
78 10 8
79 8 3
80 9 18
81 19 7
82 18 2
83 0 17
84 9 1
85 5 10
86 5 6
87 5 7
88 13 1
89 11 8
90 0 5
91 5 4
92 18 6
93 5 5
94 4 6
95 5 4
96 0 10
97 2 5
98 16 11
99 18 2
100 9 9
101 17 10
102 15 6
103 5 17
104 5 3
105 11 14
106 17 5
107 7 6
108 19 1
109 18 10
110 19 13
111 11 1
ORS: day OR start end
0 0 0 32
0 1 0 32
0 2 0 32
0 3 0 32
1 0 0 32
1 1 0 32
1 2 0 32
1 3 0 32
2 0 0 32
2 1 0 32
2 2 0 32
2 3 0 32
3 0 0 32
3 1 0 32
3 2 0 32
3 3 0 32
4 0 0 32
4 1 0 32
4 2 0 32
4 3 0 32
start times:
0 8 16 24
end times:
8 16 24 32
load:
1.2