8 65 1 5
patients: ID surgeon priority leader_priority duration
0 4 12
1 7 6
2 4 2
3 1 3
4 0 4
5 2 7
6 7 1
7 0 11
8 1 7
9 4 10
10 2 18
11 3 2
12 7 8
13 5 4
14 2 10
15 2 6
16 2 11
17 0 4
18 5 3
19 5 6
20 0 2
21 3 5
22 7 2
23 6 4
24 1 5
25 7 6
26 7 6
27 5 5
28 2 2
29 7 3
30 2 9
31 6 6
32 4 18
33 4 1
34 4 3
35 4 7
36 6 7
37 0 11
38 2 3
39 7 14
40 0 8
41 0 6
42 7 18
43 2 4
44 1 3
45 1 4
46 0 6
47 6 4
48 2 2
49 4 5
50 0 10
51 2 1
52 6 20
53 7 1
54 7 6
55 3 11
56 2 1
57 4 3
58 4 17
59 0 2
60 2 13
61 4 4
62 4 2
63 3 3
64 3 10
ORS: day OR start end
0 0 0 32
1 0 0 32
2 0 0 32
3 0 0 32
4 0 0 32
start times:
0 8 16 24
end times:
8 16 24 32
load:
2.6125