12 112 2 5
patients: ID surgeon priority leader_priority duration
0 0 9
1 8 6
2 7 13
3 2 1
4 3 13
5 9 8
6 7 8
7 5 2
8 9 9
9 8 3
10 9 10
11 8 6
12 3 5
13 10 13
14 0 1
15 3 12
16 7 5
17 9 9
18 10 6
19 0 2
20 6 6
21 6 3
22 7 4
23 0 5
24 4 6
25 1 4
26 2 6
27 11 2
28 3 1
29 5 3
30 6 3
31 3 6
32 1 1
33 9 11
34 7 1
35 4 6
36 5 5
37 4 3
38 10 5
39 11 10
40 3 16
41 5 6
42 2 6
43 4 6
44 10 1
45 10 3
46 7 4
47 7 11
48 7 3
49 10 4
50 11 7
51 5 12
52 3 6
53 1 3
54 11 3
55 7 11
56 0 6
57 0 4
58 11 2
59 5 3
60 4 4
61 9 13
62 9 9
63 3 10
64 9 11
65 7 7
66 2 13
67 7 7
68 11 11
69 3 6
70 0 14
71 6 10
72 6 3
73 3 11
74 10 7
75 9 10
76 11 6
77 0 11
78 3 5
79 6 5
80 2 2
81 7 6
82 5 10
83 1 11
84 6 6
85 0 3
86 8 3
87 1 7
88 10 1
89 3 6
90 8 14
91 2 14
92 0 2
93 2 10
94 3 6
95 1 16
96 11 13
97 5 14
98 2 2
99 5 1
100 4 18
101 5 18
102 0 8
103 10 8
104 11 3
105 7 9
106 2 7
107 1 10
108 8 5
109 6 10
110 7 6
111 8 2
ORS: day OR start end
0 0 0 32
0 1 0 32
1 0 0 32
1 1 0 32
2 0 0 32
2 1 0 32
3 0 0 32
3 1 0 32
4 0 0 32
4 1 0 32
start times:
0 8 16 24
end times:
8 16 24 32
load:
2.415625