10 88 2 5
patients: ID surgeon priority leader_priority duration
0 8 9
1 2 10
2 8 16
3 1 6
4 1 2
5 9 6
6 2 5
7 3 14
8 0 4
9 6 7
10 3 6
11 9 4
12 9 3
13 4 18
14 6 10
15 7 4
16 1 12
17 7 3
18 2 5
19 1 6
20 2 14
21 2 4
22 4 18
23 6 13
24 5 18
25 9 11
26 6 4
27 1 8
28 2 11
29 1 11
30 1 16
31 7 2
32 7 3
33 5 18
34 5 3
35 9 10
36 8 6
37 1 3
38 2 12
39 5 2
40 7 2
41 0 14
42 9 6
43 2 3
44 5 4
45 2 5
46 6 7
47 7 18
48 8 14
49 4 6
50 9 4
51 3 7
52 2 1
53 5 6
54 6 6
55 7 7
56 2 7
57 2 10
58 9 4
59 9 3
60 5 2
61 5 6
62 2 7
63 4 6
64 7 2
65 8 12
66 8 3
67 7 3
68 3 14
69 5 5
70 5 5
71 4 14
72 5 3
73 1 3
74 0 7
75 2 6
76 0 13
77 8 3
78 4 7
79 1 3
80 0 3
81 9 9
82 4 10
83 5 7
84 8 5
85 3 2
86 9 8
87 9 3
ORS: day OR start end
0 0 0 32
0 1 0 32
1 0 0 32
1 1 0 32
2 0 0 32
2 1 0 32
3 0 0 32
3 1 0 32
4 0 0 32
4 1 0 32
start times:
0 8 16 24
end times:
8 16 24 32
load:
2.00625