12 65 1 5
patients: ID surgeon priority leader_priority duration
0 6 12
1 1 6
2 0 2
3 3 3
4 7 4
5 5 7
6 7 1
7 6 11
8 0 7
9 2 10
10 9 18
11 3 2
12 6 8
13 9 4
14 0 10
15 9 6
16 5 11
17 1 4
18 6 3
19 5 6
20 9 2
21 6 5
22 4 2
23 3 4
24 2 5
25 10 6
26 8 6
27 1 5
28 1 2
29 7 3
30 3 9
31 6 6
32 8 18
33 2 1
34 4 3
35 8 7
36 10 7
37 6 11
38 5 3
39 7 14
40 3 8
41 1 6
42 5 18
43 10 4
44 3 3
45 0 4
46 4 6
47 5 4
48 11 2
49 1 5
50 4 10
51 8 1
52 4 20
53 6 1
54 11 6
55 4 11
56 7 1
57 10 3
58 8 17
59 8 2
60 5 13
61 3 4
62 4 2
63 9 3
64 9 10
ORS: day OR start end
0 0 0 32
1 0 0 32
2 0 0 32
3 0 0 32
4 0 0 32
start times:
0 8 16 24
end times:
8 16 24 32
load:
2.6125