10 112 2 5
patients: ID surgeon priority leader_priority duration
0 0 9
1 4 6
2 0 13
3 4 1
4 1 13
5 2 8
6 2 8
7 7 2
8 1 9
9 9 3
10 3 10
11 5 6
12 7 5
13 6 13
14 3 1
15 0 12
16 4 5
17 3 9
18 6 6
19 3 2
20 2 6
21 5 3
22 0 4
23 4 5
24 1 6
25 0 4
26 4 6
27 5 2
28 9 1
29 8 3
30 7 3
31 1 6
32 3 1
33 7 11
34 4 1
35 3 6
36 8 5
37 2 3
38 1 5
39 7 10
40 6 16
41 7 6
42 4 6
43 6 6
44 0 1
45 6 3
46 6 4
47 6 11
48 5 3
49 0 4
50 8 7
51 4 12
52 8 6
53 6 3
54 7 3
55 7 11
56 4 6
57 1 4
58 1 2
59 4 3
60 8 4
61 8 13
62 8 9
63 0 10
64 4 11
65 7 7
66 6 13
67 4 7
68 0 11
69 1 6
70 1 14
71 8 10
72 9 3
73 5 11
74 5 7
75 9 10
76 9 6
77 0 11
78 0 5
79 4 5
80 7 2
81 2 6
82 4 10
83 6 11
84 7 6
85 4 3
86 8 3
87 5 7
88 9 1
89 5 6
90 5 14
91 7 14
92 1 2
93 8 10
94 7 6
95 4 16
96 4 13
97 9 14
98 4 2
99 8 1
100 8 18
101 7 18
102 2 8
103 7 8
104 3 3
105 4 9
106 3 7
107 8 10
108 3 5
109 1 10
110 1 6
111 2 2
ORS: day OR start end
0 0 0 32
0 1 0 32
1 0 0 32
1 1 0 32
2 0 0 32
2 1 0 32
3 0 0 32
3 1 0 32
4 0 0 32
4 1 0 32
start times:
0 8 16 24
end times:
8 16 24 32
load:
2.415625