12 45 1 5
patients: ID surgeon priority leader_priority duration
0 5 10
1 2 6
2 10 12
3 1 4
4 0 3
5 0 8
6 4 8
7 9 18
8 10 13
9 5 3
10 10 1
11 2 13
12 5 6
13 2 6
14 1 9
15 6 1
16 7 6
17 7 17
18 3 4
19 9 7
20 10 11
21 9 1
22 11 5
23 10 3
24 10 2
25 6 10
26 7 6
27 6 6
28 2 8
29 2 16
30 9 4
31 5 6
32 8 3
33 4 10
34 5 3
35 5 1
36 8 4
37 2 4
38 0 3
39 6 8
40 2 12
41 6 8
42 9 18
43 6 11
44 0 3
ORS: day OR start end
0 0 0 32
1 0 0 32
2 0 0 32
3 0 0 32
4 0 0 32
start times:
0 8 16 24
end times:
8 16 24 32
load:
2.00625