12 88 2 5
patients: ID surgeon priority leader_priority duration
0 1 9
1 0 10
2 9 16
3 2 6
4 7 2
5 3 6
6 11 5
7 5 14
8 6 4
9 11 7
10 8 6
11 7 4
12 8 3
13 10 18
14 8 10
15 6 4
16 9 12
17 0 3
18 3 5
19 0 6
20 2 14
21 6 4
22 4 18
23 2 13
24 0 18
25 10 11
26 1 4
27 7 8
28 4 11
29 2 11
30 7 16
31 3 2
32 2 3
33 7 18
34 9 3
35 0 10
36 7 6
37 10 3
38 10 12
39 3 2
40 5 2
41 4 14
42 8 6
43 9 3
44 4 4
45 6 5
46 8 7
47 5 18
48 5 14
49 2 6
50 9 4
51 1 7
52 6 1
53 1 6
54 4 6
55 7 7
56 0 7
57 4 10
58 0 4
59 8 3
60 4 2
61 5 6
62 5 7
63 3 6
64 9 2
65 1 12
66 11 3
67 7 3
68 0 14
69 1 5
70 3 5
71 7 14
72 2 3
73 1 3
74 10 7
75 1 6
76 3 13
77 2 3
78 7 7
79 6 3
80 8 3
81 7 9
82 7 10
83 0 7
84 3 5
85 8 2
86 10 8
87 5 3
ORS: day OR start end
0 0 0 32
0 1 0 32
1 0 0 32
1 1 0 32
2 0 0 32
2 1 0 32
3 0 0 32
3 1 0 32
4 0 0 32
4 1 0 32
start times:
0 8 16 24
end times:
8 16 24 32
load:
2.00625