14 64 1 5
patients: ID surgeon priority leader_priority duration
0 13 1
1 5 11
2 7 18
3 7 8
4 5 13
5 9 6
6 8 6
7 9 5
8 2 15
9 6 1
10 1 4
11 5 5
12 8 8
13 7 6
14 8 1
15 9 4
16 0 5
17 11 6
18 0 2
19 5 4
20 9 5
21 6 6
22 7 6
23 10 5
24 2 3
25 0 7
26 2 8
27 8 1
28 6 4
29 3 6
30 4 10
31 0 2
32 9 6
33 2 4
34 4 14
35 5 4
36 2 1
37 10 7
38 2 1
39 3 1
40 3 3
41 6 2
42 1 10
43 7 4
44 5 5
45 4 11
46 11 6
47 1 4
48 10 8
49 12 2
50 3 1
51 2 12
52 13 14
53 1 5
54 8 3
55 3 2
56 12 6
57 13 3
58 5 3
59 3 18
60 1 8
61 1 5
62 11 11
63 2 9
ORS: day OR start end
0 0 0 32
1 0 0 32
2 0 0 32
3 0 0 32
4 0 0 32
start times:
0 8 16 24
end times:
8 16 24 32
load:
2.40625