12 122 2 5
patients: ID surgeon priority leader_priority duration
0 5 6
1 1 6
2 0 5
3 3 14
4 8 16
5 2 4
6 8 1
7 10 6
8 6 4
9 7 9
10 5 2
11 11 11
12 10 3
13 1 3
14 4 6
15 8 10
16 11 7
17 5 1
18 1 6
19 8 10
20 2 3
21 11 24
22 10 1
23 7 4
24 6 5
25 6 5
26 11 4
27 5 1
28 8 5
29 5 18
30 0 6
31 0 5
32 7 10
33 7 9
34 0 3
35 1 1
36 9 7
37 5 6
38 0 10
39 4 6
40 4 4
41 0 3
42 9 6
43 4 8
44 7 10
45 6 1
46 10 1
47 5 10
48 5 6
49 5 3
50 11 6
51 8 6
52 10 4
53 6 10
54 9 2
55 6 10
56 9 8
57 2 2
58 1 5
59 6 18
60 6 3
61 3 9
62 11 16
63 11 6
64 8 10
65 8 4
66 1 9
67 1 7
68 6 7
69 2 17
70 7 4
71 7 18
72 0 4
73 0 5
74 9 4
75 9 2
76 6 6
77 1 4
78 2 6
79 1 9
80 10 8
81 7 13
82 3 2
83 4 7
84 2 1
85 6 7
86 0 1
87 2 6
88 1 9
89 5 3
90 8 2
91 7 6
92 0 16
93 11 2
94 9 8
95 4 3
96 11 11
97 2 3
98 9 1
99 9 5
100 6 9
101 2 2
102 1 2
103 0 4
104 8 2
105 7 10
106 5 2
107 2 4
108 0 6
109 7 4
110 7 6
111 11 18
112 6 6
113 1 1
114 7 1
115 7 1
116 3 18
117 4 4
118 11 5
119 1 7
120 7 7
121 8 4
ORS: day OR start end
0 0 0 32
0 1 0 32
1 0 0 32
1 1 0 32
2 0 0 32
2 1 0 32
3 0 0 32
3 1 0 32
4 0 0 32
4 1 0 32
start times:
0 8 16 24
end times:
8 16 24 32
load:
2.415625