12 87 2 5
patients: ID surgeon priority leader_priority duration
0 2 3
1 10 18
2 3 1
3 2 14
4 6 7
5 1 10
6 2 6
7 7 18
8 2 8
9 0 11
10 8 10
11 0 7
12 3 18
13 8 10
14 4 17
15 9 3
16 5 6
17 9 6
18 3 12
19 1 6
20 10 5
21 0 5
22 6 11
23 3 4
24 9 3
25 9 8
26 7 10
27 10 10
28 9 3
29 7 11
30 9 5
31 6 4
32 8 2
33 10 10
34 1 3
35 10 7
36 7 5
37 8 11
38 10 3
39 5 1
40 6 10
41 0 4
42 5 1
43 7 10
44 0 3
45 9 11
46 9 10
47 2 7
48 10 2
49 8 4
50 9 10
51 0 8
52 9 10
53 1 3
54 1 6
55 5 7
56 4 5
57 8 6
58 10 14
59 9 11
60 9 13
61 4 2
62 1 3
63 0 13
64 2 20
65 6 3
66 8 10
67 5 3
68 3 1
69 0 13
70 3 6
71 9 3
72 10 5
73 10 3
74 10 6
75 6 3
76 5 16
77 9 7
78 3 10
79 9 2
80 4 4
81 2 8
82 8 20
83 6 1
84 9 5
85 7 4
86 4 2
ORS: day OR start end
0 0 0 32
0 1 0 32
1 0 0 32
1 1 0 32
2 0 0 32
2 1 0 32
3 0 0 32
3 1 0 32
4 0 0 32
4 1 0 32
start times:
0 8 16 24
end times:
8 16 24 32
load:
2.0