14 51 1 5
patients: ID surgeon priority leader_priority duration
0 8 4
1 9 5
2 7 3
3 13 6
4 3 1
5 4 5
6 10 2
7 8 10
8 11 5
9 12 14
10 2 7
11 7 16
12 5 3
13 8 5
14 1 3
15 6 6
16 8 6
17 10 16
18 6 1
19 6 8
20 0 6
21 12 8
22 8 6
23 10 1
24 5 6
25 6 6
26 8 13
27 8 6
28 7 8
29 3 3
30 1 2
31 0 5
32 9 3
33 9 12
34 4 5
35 12 4
36 12 16
37 10 6
38 13 1
39 10 6
40 8 7
41 12 5
42 12 9
43 6 5
44 8 6
45 4 6
46 13 2
47 8 5
48 11 18
49 5 5
50 7 4
ORS: day OR start end
0 0 0 32
1 0 0 32
2 0 0 32
3 0 0 32
4 0 0 32
start times:
0 8 16 24
end times:
8 16 24 32
load:
2.00625