14 59 2 5
patients: ID surgeon priority leader_priority duration
0 4 11
1 4 2
2 2 5
3 4 18
4 0 7
5 2 14
6 10 9
7 12 11
8 8 4
9 13 3
10 11 16
11 10 9
12 12 15
13 3 1
14 9 14
15 12 5
16 0 8
17 8 11
18 0 16
19 12 13
20 12 2
21 1 1
22 6 3
23 5 6
24 5 3
25 6 9
26 8 1
27 13 14
28 5 6
29 9 1
30 1 11
31 1 5
32 9 11
33 6 11
34 5 10
35 12 5
36 1 6
37 7 16
38 3 16
39 9 14
40 5 6
41 3 6
42 2 7
43 11 16
44 7 6
45 8 2
46 2 7
47 12 7
48 12 10
49 1 7
50 10 1
51 6 2
52 7 6
53 4 7
54 8 10
55 5 6
56 8 17
57 3 4
58 10 8
ORS: day OR start end
0 0 0 32
0 1 0 32
1 0 0 32
1 1 0 32
2 0 0 32
2 1 0 32
3 0 0 32
3 1 0 32
4 0 0 32
4 1 0 32
start times:
0 8 16 24
end times:
8 16 24 32
load:
1.49375