10 64 1 5
patients: ID surgeon priority leader_priority duration
0 2 1
1 8 11
2 3 18
3 2 8
4 4 13
5 6 6
6 7 6
7 7 5
8 5 15
9 7 1
10 6 4
11 8 5
12 1 8
13 0 6
14 2 1
15 9 4
16 8 5
17 5 6
18 1 2
19 0 4
20 8 5
21 0 6
22 6 6
23 3 5
24 5 3
25 1 7
26 0 8
27 0 1
28 1 4
29 1 6
30 2 10
31 3 2
32 6 6
33 5 4
34 9 14
35 8 4
36 5 1
37 8 7
38 5 1
39 3 1
40 0 3
41 9 2
42 0 10
43 2 4
44 0 5
45 7 11
46 4 6
47 4 4
48 5 8
49 8 2
50 3 1
51 6 12
52 4 14
53 2 5
54 0 3
55 7 2
56 4 6
57 0 3
58 8 3
59 9 18
60 5 8
61 9 5
62 3 11
63 8 9
ORS: day OR start end
0 0 0 32
1 0 0 32
2 0 0 32
3 0 0 32
4 0 0 32
start times:
0 8 16 24
end times:
8 16 24 32
load:
2.40625