10 122 2 5
patients: ID surgeon priority leader_priority duration
0 1 6
1 9 6
2 3 5
3 7 14
4 9 16
5 1 4
6 1 1
7 9 6
8 4 4
9 3 9
10 6 2
11 6 11
12 8 3
13 4 3
14 4 6
15 9 10
16 9 7
17 2 1
18 3 6
19 4 10
20 9 3
21 7 24
22 6 1
23 4 4
24 0 5
25 7 5
26 6 4
27 6 1
28 4 5
29 9 18
30 9 6
31 6 5
32 9 10
33 5 9
34 2 3
35 7 1
36 9 7
37 5 6
38 2 10
39 1 6
40 5 4
41 0 3
42 8 6
43 3 8
44 2 10
45 1 1
46 0 1
47 3 10
48 7 6
49 9 3
50 5 6
51 8 6
52 1 4
53 1 10
54 7 2
55 3 10
56 4 8
57 5 2
58 9 5
59 0 18
60 2 3
61 0 9
62 8 16
63 6 6
64 5 10
65 5 4
66 0 9
67 5 7
68 4 7
69 8 17
70 3 4
71 7 18
72 4 4
73 9 5
74 3 4
75 2 2
76 0 6
77 7 4
78 3 6
79 5 9
80 4 8
81 3 13
82 7 2
83 0 7
84 2 1
85 9 7
86 6 1
87 4 6
88 7 9
89 2 3
90 6 2
91 6 6
92 6 16
93 8 2
94 1 8
95 6 3
96 6 11
97 4 3
98 4 1
99 4 5
100 3 9
101 5 2
102 8 2
103 9 4
104 2 2
105 4 10
106 4 2
107 5 4
108 0 6
109 0 4
110 6 6
111 7 18
112 7 6
113 1 1
114 4 1
115 1 1
116 3 18
117 8 4
118 5 5
119 4 7
120 0 7
121 7 4
ORS: day OR start end
0 0 0 32
0 1 0 32
1 0 0 32
1 1 0 32
2 0 0 32
2 1 0 32
3 0 0 32
3 1 0 32
4 0 0 32
4 1 0 32
start times:
0 8 16 24
end times:
8 16 24 32
load:
2.415625