10 51 1 5
patients: ID surgeon priority leader_priority duration
0 2 4
1 4 5
2 5 3
3 5 6
4 8 1
5 5 5
6 8 2
7 5 10
8 6 5
9 1 14
10 7 7
11 7 16
12 6 3
13 2 5
14 1 3
15 2 6
16 9 6
17 5 16
18 4 1
19 3 8
20 8 6
21 9 8
22 7 6
23 5 1
24 9 6
25 7 6
26 3 13
27 2 6
28 9 8
29 8 3
30 2 2
31 1 5
32 8 3
33 3 12
34 6 5
35 2 4
36 3 16
37 9 6
38 9 1
39 9 6
40 1 7
41 0 5
42 6 9
43 3 5
44 3 6
45 3 6
46 1 2
47 1 5
48 8 18
49 5 5
50 4 4
ORS: day OR start end
0 0 0 32
1 0 0 32
2 0 0 32
3 0 0 32
4 0 0 32
start times:
0 8 16 24
end times:
8 16 24 32
load:
2.00625