10 46 1 5
patients: ID surgeon priority leader_priority duration
0 1 14
1 1 5
2 7 6
3 6 7
4 3 10
5 5 4
6 0 18
7 4 11
8 4 5
9 3 4
10 2 3
11 7 6
12 8 8
13 9 3
14 7 6
15 3 3
16 8 3
17 1 6
18 5 6
19 2 18
20 8 6
21 0 11
22 3 6
23 2 2
24 0 6
25 5 7
26 8 6
27 9 1
28 2 7
29 6 7
30 0 1
31 6 12
32 3 3
33 2 3
34 2 4
35 5 5
36 4 5
37 0 12
38 1 4
39 9 6
40 5 2
41 3 4
42 7 10
43 1 8
44 7 4
45 0 1
ORS: day OR start end
0 0 0 32
1 0 0 32
2 0 0 32
3 0 0 32
4 0 0 32
start times:
0 8 16 24
end times:
8 16 24 32
load:
1.80625