14 59 2 5
patients: ID surgeon priority leader_priority duration
0 8 14
1 6 3
2 5 7
3 3 6
4 2 4
5 2 3
6 4 1
7 11 8
8 6 10
9 4 3
10 0 6
11 9 3
12 4 4
13 5 4
14 6 1
15 10 7
16 10 2
17 6 6
18 12 5
19 2 4
20 10 2
21 0 2
22 1 2
23 10 10
24 12 6
25 9 14
26 7 18
27 2 11
28 0 1
29 13 8
30 9 17
31 3 17
32 11 22
33 0 4
34 13 5
35 5 11
36 2 4
37 11 5
38 6 14
39 0 7
40 6 1
41 6 7
42 10 3
43 8 3
44 7 1
45 0 6
46 3 7
47 4 8
48 2 6
49 9 5
50 10 10
51 10 6
52 6 6
53 4 3
54 7 14
55 6 10
56 0 2
57 2 5
58 2 1
ORS: day OR start end
0 0 0 32
0 1 0 32
1 0 0 32
1 1 0 32
2 0 0 32
2 1 0 32
3 0 0 32
3 1 0 32
4 0 0 32
4 1 0 32
start times:
0 8 16 24
end times:
8 16 24 32
load:
1.203125