12 51 1 5
patients: ID surgeon priority leader_priority duration
0 6 4
1 5 5
2 5 3
3 7 6
4 3 1
5 1 5
6 6 2
7 2 10
8 11 5
9 2 14
10 1 7
11 10 16
12 5 3
13 10 5
14 8 3
15 11 6
16 4 6
17 7 16
18 5 1
19 9 8
20 3 6
21 8 8
22 8 6
23 9 1
24 10 6
25 7 6
26 10 13
27 1 6
28 10 8
29 9 3
30 11 2
31 8 5
32 5 3
33 1 12
34 9 5
35 5 4
36 0 16
37 9 6
38 2 1
39 6 6
40 11 7
41 9 5
42 1 9
43 1 5
44 7 6
45 6 6
46 2 2
47 4 5
48 1 18
49 3 5
50 5 4
ORS: day OR start end
0 0 0 32
1 0 0 32
2 0 0 32
3 0 0 32
4 0 0 32
start times:
0 8 16 24
end times:
8 16 24 32
load:
2.00625