10 87 2 5
patients: ID surgeon priority leader_priority duration
0 3 3
1 6 18
2 2 1
3 3 14
4 7 7
5 0 10
6 2 6
7 4 18
8 4 8
9 3 11
10 2 10
11 8 7
12 0 18
13 2 10
14 7 17
15 2 3
16 3 6
17 5 6
18 1 12
19 0 6
20 1 5
21 8 5
22 1 11
23 5 4
24 3 3
25 3 8
26 4 10
27 6 10
28 8 3
29 9 11
30 1 5
31 7 4
32 3 2
33 7 10
34 0 3
35 9 7
36 6 5
37 0 11
38 1 3
39 4 1
40 3 10
41 8 4
42 4 1
43 7 10
44 4 3
45 6 11
46 3 10
47 8 7
48 4 2
49 5 4
50 2 10
51 5 8
52 4 10
53 3 3
54 5 6
55 1 7
56 5 5
57 1 6
58 8 14
59 7 11
60 1 13
61 2 2
62 5 3
63 2 13
64 4 20
65 3 3
66 4 10
67 1 3
68 6 1
69 2 13
70 3 6
71 0 3
72 9 5
73 9 3
74 4 6
75 3 3
76 3 16
77 7 7
78 0 10
79 9 2
80 6 4
81 2 8
82 1 20
83 2 1
84 7 5
85 9 4
86 8 2
ORS: day OR start end
0 0 0 32
0 1 0 32
1 0 0 32
1 1 0 32
2 0 0 32
2 1 0 32
3 0 0 32
3 1 0 32
4 0 0 32
4 1 0 32
start times:
0 8 16 24
end times:
8 16 24 32
load:
2.0