8 51 1 5
patients: ID surgeon priority leader_priority duration
0 2 4
1 2 5
2 7 3
3 0 6
4 3 1
5 3 5
6 7 2
7 7 10
8 5 5
9 5 14
10 1 7
11 1 16
12 3 3
13 7 5
14 3 3
15 4 6
16 2 6
17 1 16
18 3 1
19 1 8
20 5 6
21 1 8
22 1 6
23 2 1
24 6 6
25 5 6
26 6 13
27 5 6
28 0 8
29 0 3
30 5 2
31 2 5
32 1 3
33 5 12
34 0 5
35 0 4
36 7 16
37 0 6
38 6 1
39 5 6
40 1 7
41 5 5
42 5 9
43 4 5
44 6 6
45 4 6
46 1 2
47 0 5
48 4 18
49 1 5
50 7 4
ORS: day OR start end
0 0 0 32
1 0 0 32
2 0 0 32
3 0 0 32
4 0 0 32
start times:
0 8 16 24
end times:
8 16 24 32
load:
2.00625