12 64 1 5
patients: ID surgeon priority leader_priority duration
0 6 1
1 1 11
2 2 18
3 3 8
4 1 13
5 8 6
6 11 6
7 0 5
8 8 15
9 0 1
10 11 4
11 10 5
12 10 8
13 2 6
14 8 1
15 7 4
16 9 5
17 5 6
18 11 2
19 9 4
20 4 5
21 3 6
22 9 6
23 2 5
24 0 3
25 6 7
26 11 8
27 11 1
28 9 4
29 3 6
30 1 10
31 5 2
32 3 6
33 5 4
34 6 14
35 5 4
36 5 1
37 11 7
38 3 1
39 3 1
40 10 3
41 6 2
42 4 10
43 9 4
44 9 5
45 1 11
46 1 6
47 11 4
48 9 8
49 11 2
50 2 1
51 4 12
52 0 14
53 2 5
54 3 3
55 6 2
56 6 6
57 1 3
58 1 3
59 3 18
60 1 8
61 2 5
62 9 11
63 9 9
ORS: day OR start end
0 0 0 32
1 0 0 32
2 0 0 32
3 0 0 32
4 0 0 32
start times:
0 8 16 24
end times:
8 16 24 32
load:
2.40625